E 120 5
-1553075473585351/4503599627370496 -3110638889173171/18014398509481984 2100884016674577/2251799813685248 8672073536678027/9007199254740992 -1042553471264025/2251799813685248
-5949234710257025/4503599627370496 -8267763150648191/72057594037927936 5834123176301433/4503599627370496 8326797277867441/9007199254740992 -5258806607973313/4503599627370496
3043692803253239/18014398509481984 429008612983889/2251799813685248 1308822259361091/2251799813685248 8175797416873837/288230376151711744 1569172024789135/9007199254740992
2317351321530437/2251799813685248 -2798666013294915/36028797018963968 7529483805123979/36028797018963968 21609816534085/70368744177664 2727447177650817/9007199254740992
5118451265199579/9007199254740992 -1161374173411639/562949953421312 -2278313439013581/4503599627370496 2631869418940979/18014398509481984 7674769642174593/36028797018963968
5900186037423427/4503599627370496 -4188271807656723/9007199254740992 -3346262484893831/9007199254740992 1237912613440439/1125899906842624 -5326643308808853/36028797018963968
-685153760587595/1125899906842624 3990819980412249/18014398509481984 6785064240084233/18014398509481984 6699966554434113/18014398509481984 5690034949310151/36028797018963968
4611533937215583/18014398509481984 1113548827094019/2251799813685248 4631635848332217/18014398509481984 -3652447216928321/9007199254740992 -2398812219200001/2251799813685248
-4481943801095627/9007199254740992 262661521573517/281474976710656 -1853405905492949/4503599627370496 -393079636309349/1125899906842624 -3188908477139085/18014398509481984
2737832694861785/2251799813685248 5244374641270587/18014398509481984 -3318032524035043/2251799813685248 -7517659834793425/9007199254740992 -2273279458585949/2251799813685248
2969665416604301/9007199254740992 5281234641229031/9007199254740992 -5104926080582853/9007199254740992 -1734702934260677/9007199254740992 5594684125201755/144115188075855872
-819030375673349/1125899906842624 -1633039556206215/4503599627370496 1432170349165661/2251799813685248 7536483725068711/18014398509481984 306124061997721/562949953421312
-2805757091869619/4503599627370496 7999307229022233/4503599627370496 8035773914062275/18014398509481984 -8018192636905905/36028797018963968 1154683595042443/2251799813685248
-7309907526549107/9007199254740992 3218666666860355/2251799813685248 6563385733263165/18014398509481984 -5365320259323997/4503599627370496 -2441437992893113/2251799813685248
-6772012862614263/36028797018963968 6309636728283055/9007199254740992 -5471928767055193/9007199254740992 -4585075902866785/4503599627370496 -2666601609662211/18014398509481984
6910817898808355/18014398509481984 8091694951746597/36028797018963968 6351206011560295/18014398509481984 8192512216947361/9007199254740992 -1840966175718457/9007199254740992
-4694294231177849/9007199254740992 -3454098851649505/4503599627370496 3175389024288263/4503599627370496 2201619011081599/4503599627370496 7301088169179775/72057594037927936
-6740493259870783/288230376151711744 -8152019678246387/9007199254740992 -3536665360620121/9007199254740992 1147566072002075/1125899906842624 4654627519621655/18014398509481984
-4403945563897459/9007199254740992 3726105416292447/36028797018963968 5634965998211881/9007199254740992 6908235920933985/9007199254740992 -6589271854987587/36028797018963968
5296199904388037/9007199254740992 4024905872311825/4503599627370496 1694125148156329/72057594037927936 588137666945247/562949953421312 2620252423728143/4503599627370496
-7682791366257989/72057594037927936 -2369037367195251/2251799813685248 3467510940969259/18014398509481984 7680331511459905/72057594037927936 -8364816169869459/144115188075855872
2403365962255095/4503599627370496 -1307711889358465/2251799813685248 -2413765825189673/2251799813685248 5293908535601837/36028797018963968 7887941464759017/36028797018963968
-4491087764401575/18014398509481984 5191592734336429/4503599627370496 6150276409067137/4503599627370496 -5262911685517755/18014398509481984 -5294280547806413/288230376151711744
-3383018212333347/9007199254740992 -5437511742813883/72057594037927936 1328982148927065/1125899906842624 5240731955294043/18014398509481984 -7826063129836225/18014398509481984
1356636541621925/1125899906842624 -3188188445250117/2251799813685248 -8155432761009129/9007199254740992 -83005300056943/140737488355328 -2733612288999395/2251799813685248
-8078652329044683/9007199254740992 2133480830555775/9007199254740992 -1558881300390637/9007199254740992 -1254501291374769/1125899906842624 606227816022799/2251799813685248
567439905380727/562949953421312 2477887425830499/4503599627370496 2810966310181439/9007199254740992 8382791866493649/36028797018963968 3232166170053425/9007199254740992
1455783347063057/9007199254740992 2555606674697781/9007199254740992 5016920505262241/9007199254740992 3051224449889183/4503599627370496 4960080531126207/4503599627370496
-4500994467341205/9007199254740992 8706233516581305/18014398509481984 -5411592096972619/2251799813685248 -5857981640423375/18014398509481984 3887928170946137/18014398509481984
1613676054564983/36028797018963968 -5716430885192905/4503599627370496 -7453068107252151/36028797018963968 2357746662684559/4503599627370496 -1703927515516187/9007199254740992
909912093779493/2251799813685248 -1457811683087389/2251799813685248 724806139960623/9007199254740992 5814997526299647/4503599627370496 -475055441052693/1125899906842624
1438440921860449/2251799813685248 -6247355712566873/18014398509481984 -4136900513985991/9007199254740992 6045314384278833/72057594037927936 -8756697889179815/36028797018963968
-2344703216987385/2251799813685248 2789670433322289/2251799813685248 5340049328092405/144115188075855872 -5913882987030427/9007199254740992 -4363776569079989/4503599627370496
947919439778835/1125899906842624 -7906135686872277/9007199254740992 -2760102079807169/9007199254740992 8331970352844367/18014398509481984 4565034101003849/9007199254740992
465484265095957/562949953421312 6186333016862445/36028797018963968 6296422670190767/9007199254740992 5743779133477039/9007199254740992 -7685426220435387/9007199254740992
-6772105977158413/4503599627370496 -2822793459331679/4503599627370496 -751137694867833/562949953421312 -3581755004275317/9007199254740992 -7807163493031691/9007199254740992
-2881481647104583/4503599627370496 -6261405960069989/9007199254740992 1652179171711857/2251799813685248 2743280300046705/4503599627370496 -348050149721141/2251799813685248
1228073297971869/1125899906842624 5953703414333179/18014398509481984 3530533974203427/36028797018963968 7005840092405005/288230376151711744 5554171640637471/72057594037927936
4915132837548763/9007199254740992 4362818444963631/9007199254740992 6995215508220361/18014398509481984 5242395853733241/18014398509481984 -1748717306575917/1125899906842624
-784675989164637/1125899906842624 593904769792909/1125899906842624 3659226196496599/2251799813685248 -6683264012081087/18014398509481984 -6398458558802617/9007199254740992
5746418538294591/18014398509481984 6026719651403225/9007199254740992 3731198522035939/2251799813685248 94399466780331/140737488355328 -2652086152213791/2251799813685248
1358796217574081/2251799813685248 363163835322075/281474976710656 2769662344861963/72057594037927936 1572748167737131/2251799813685248 307562815098777/1125899906842624
-8040059611839901/36028797018963968 6104364556374625/9007199254740992 -158296302222065/1125899906842624 8627865670387253/9007199254740992 3483691228936997/18014398509481984
-5408170091265393/36028797018963968 -5030093497919659/18014398509481984 122405400366863/70368744177664 8828594939439583/18014398509481984 8782136236840279/18014398509481984
8354585868347761/288230376151711744 4754335136646807/4503599627370496 4593383774696523/2251799813685248 2576575074281181/4503599627370496 -899135269464173/2251799813685248
-5006390927581233/144115188075855872 -4107205609313133/72057594037927936 7279305047214067/9007199254740992 5984320490406385/18014398509481984 -3533018836699497/9007199254740992
-4766417072962765/9007199254740992 3528444934262319/9007199254740992 232135965360977/140737488355328 4229682742648373/72057594037927936 -8464846799869957/4503599627370496
1737996415624285/4503599627370496 3642283405494951/36028797018963968 -990471284978953/1125899906842624 5890274965907757/4503599627370496 -2600676362527077/2251799813685248
3838204926812697/9007199254740992 1467139711308901/4503599627370496 4939935931605109/9007199254740992 6433695868767577/4503599627370496 3486095253174743/18014398509481984
-7606533908524113/9007199254740992 -2409411653663263/36028797018963968 1962542759234897/18014398509481984 6857059658584499/9007199254740992 2345861044638303/9007199254740992
-3776852729106885/4503599627370496 -8850598090760517/18014398509481984 6797680672955395/18014398509481984 -4807392472580769/9007199254740992 -7767067840915059/18014398509481984
7848815979804121/9007199254740992 -4624183349812471/18014398509481984 3250029469602503/18014398509481984 -288026785354889/281474976710656 -5977455319642479/9007199254740992
8694097765383711/9007199254740992 -6189148843782895/36028797018963968 4537120502132415/4503599627370496 3449133573004169/4503599627370496 -726371520770943/1125899906842624
-2893990670105743/4503599627370496 -6198829288588225/9007199254740992 4236106075551137/4503599627370496 -3021361593291695/4503599627370496 -7942413892448997/4503599627370496
-1521997519712857/4503599627370496 -2357552245494447/4503599627370496 -5432767096836183/1152921504606846976 -6000195102144863/18014398509481984 -4406926672541101/18014398509481984
2259873269243233/18014398509481984 1686840965285193/1125899906842624 5453319126839361/9007199254740992 737889926244303/1125899906842624 -3185669348419061/36028797018963968
5024090725144467/4503599627370496 2296982793487187/4503599627370496 -284756287209557/36028797018963968 7806533322409525/36028797018963968 -4529469010917131/72057594037927936
-5038654372180795/18014398509481984 -2382906606488125/18014398509481984 3119740327382481/4503599627370496 143531400290801/562949953421312 -1802604515978947/36028797018963968
2963057628098519/36028797018963968 -5265646762308661/9007199254740992 -2790694373049109/9007199254740992 3942579356759559/4503599627370496 -1324809647236515/36028797018963968
2972131427528567/36028797018963968 424397696944005/2251799813685248 7664217030103217/18014398509481984 5917413159130601/4503599627370496 -973067768150075/1125899906842624
-3773705641716753/4503599627370496 7694858430345547/144115188075855872 -4283138706822493/18014398509481984 -1261460061200983/2251799813685248 5916694046065253/9007199254740992
-1205132547881075/9007199254740992 -5038538385103307/9007199254740992 -3074113217912475/9007199254740992 8125695566858835/9007199254740992 -6905517952205321/9007199254740992
8633048260048023/9007199254740992 -7854560522371923/18014398509481984 -3978503062970313/9007199254740992 5668264444283329/4503599627370496 -5188411743616671/144115188075855872
-226608941223481/4503599627370496 -5004883275852659/4503599627370496 -3335912481640487/4503599627370496 -7310539039862225/18014398509481984 -8413649692108235/72057594037927936
-1141542821685691/2251799813685248 -3019262871244243/144115188075855872 6951618018168511/9007199254740992 1499964099121763/1125899906842624 -4833954009257777/1152921504606846976
739981018911703/562949953421312 6134211946663459/144115188075855872 1325773076966863/9007199254740992 8893302711908341/18014398509481984 6009629265748479/9007199254740992
369483597391291/1125899906842624 7342973843764641/36028797018963968 -7265861889699275/18014398509481984 -7378746157751257/4503599627370496 -7329040864452765/36028797018963968
2389768115365039/2251799813685248 -7564975249886719/36028797018963968 -149121692377369/140737488355328 -7564196261715015/72057594037927936 -5190403945120153/36028797018963968
1752345338716821/1125899906842624 1018420121977015/1125899906842624 1845999286982577/4503599627370496 994728051908099/2251799813685248 7697090775447377/576460752303423488
2771845592380779/4503599627370496 8813985668531473/18014398509481984 -5501449030644905/18014398509481984 7050068399679869/18014398509481984 -827496188514437/36028797018963968
-3088697906397339/2251799813685248 2440672891847403/2251799813685248 -1189989361480075/2251799813685248 -8797924933631261/9007199254740992 -7854984772949133/9007199254740992
2490940825737505/4503599627370496 1200279134557805/9007199254740992 4860597869859749/9007199254740992 -8699659738602509/18014398509481984 2378001772079181/4503599627370496
6136863121080743/9007199254740992 4752760146494585/4503599627370496 5301987873890373/4503599627370496 441039647372701/562949953421312 -6908260453055299/36028797018963968
8397400933054075/144115188075855872 2846212348079031/4503599627370496 4965169628483877/9007199254740992 -43504481548723/35184372088832 1678877718488391/2251799813685248
-2397721131590921/9007199254740992 -148164745463439/281474976710656 -150982470080953/1125899906842624 -8271682269802443/18014398509481984 -5025244889226829/144115188075855872
-6986150014445243/72057594037927936 1225968686527543/9007199254740992 27411031614303/70368744177664 6340512156857797/36028797018963968 -5173809195440865/36028797018963968
8715190124198453/18014398509481984 -6924709048163971/18014398509481984 -6085732774074619/9007199254740992 5328019874531117/9007199254740992 -4925963750100055/4503599627370496
-1319756604796907/1125899906842624 6931390730460357/36028797018963968 -4820081351537519/288230376151711744 2207741351855463/4503599627370496 -7072491644074083/18014398509481984
-1239628706711597/2251799813685248 -5964982924134575/18014398509481984 3342668138473831/9007199254740992 4080266225817131/4503599627370496 -728478375285879/1125899906842624
-3897255473109713/9007199254740992 8462605109770967/144115188075855872 1217496118254525/2251799813685248 -901662017743731/2251799813685248 3782243343458147/2251799813685248
325092725712399/1125899906842624 -3348309682973303/72057594037927936 2010381877517623/2251799813685248 -6476014580464761/144115188075855872 -2367746367745701/4503599627370496
2597416962337325/72057594037927936 -1111170628901441/1125899906842624 -5557820125680523/4503599627370496 2652098407025063/2251799813685248 3106552053480133/18014398509481984
1159234060583341/2251799813685248 -2825925468641673/4503599627370496 2261652681010353/18014398509481984 4305703825591889/2251799813685248 -162757541715685/562949953421312
-1130558745477349/4503599627370496 -7839775664852841/18014398509481984 -6143537926386803/18014398509481984 -8525389510787023/144115188075855872 -1583091316805757/4503599627370496
-6025459936341461/36028797018963968 -5830542007322595/9007199254740992 5325738611683559/18014398509481984 7580424205218021/9007199254740992 -2122086389547855/1125899906842624
1169795423609353/1125899906842624 4105966763363109/72057594037927936 6770704624572443/36028797018963968 -1260836178088873/562949953421312 -4355909230232675/72057594037927936
4808095137367507/2251799813685248 7233554085715855/4503599627370496 332017926436295/2251799813685248 -5464789248576151/18014398509481984 -7471853568001555/4503599627370496
-7217436245666963/72057594037927936 6000184374103023/36028797018963968 -4481576196102363/9007199254740992 -2503013542850685/4503599627370496 6845008272486543/9007199254740992
955015583835377/1125899906842624 -512317104473983/562949953421312 -6375743538581329/18014398509481984 -2180018773365253/9007199254740992 -1598042837256149/2251799813685248
-2261540225652709/1125899906842624 6049819673539095/36028797018963968 -7456998119118619/36028797018963968 -1880994087260867/2251799813685248 -5041034651103799/9007199254740992
448354396920881/9007199254740992 547039919176471/562949953421312 3716274583977885/4503599627370496 2143782662805209/2251799813685248 -61956125904629/70368744177664
-5205492339618073/4503599627370496 7771064468723455/36028797018963968 8261799098153437/18014398509481984 4160329149729385/4503599627370496 1586575443155615/2251799813685248
8574908471126981/18014398509481984 5260077020150549/9007199254740992 8752448801832675/9223372036854775808 8108072526867737/9007199254740992 -8819156396018323/4503599627370496
-2429696782877117/9007199254740992 -6067169026189573/36028797018963968 5147691474007839/36028797018963968 4164144642450053/4503599627370496 2400875440254757/9007199254740992
-5189971897653871/36028797018963968 -5388444663338667/144115188075855872 5294881060471/35184372088832 2658232736586891/4503599627370496 -6645678804979331/36028797018963968
7692387690721085/9007199254740992 -144262222406011/281474976710656 -6636234188392425/576460752303423488 4464509949899291/18014398509481984 441038265673885/1125899906842624
7675130704746197/4503599627370496 2597507844990873/4503599627370496 -8594373686038715/288230376151711744 560731027406141/9007199254740992 -4591905936137801/4503599627370496
5273518831289073/9007199254740992 -7096106291068549/9007199254740992 6296812519826683/18014398509481984 589211927414187/562949953421312 -302193876524245/562949953421312
692978830692423/1125899906842624 4061076749377755/9007199254740992 -637880601056267/1125899906842624 7688183088237665/18014398509481984 -7722905916065417/4503599627370496
8008232190246431/18014398509481984 5722125121334067/18014398509481984 -3309372804472793/4503599627370496 -146977895011965/562949953421312 -7237316687001867/144115188075855872
4517908078292727/4503599627370496 3116770396395855/2251799813685248 8867571981389563/36028797018963968 4827319849499551/9007199254740992 -2438207192278325/2251799813685248
7461072219479395/72057594037927936 3657755712302895/9007199254740992 -8312919773337695/9007199254740992 -902525977458577/2251799813685248 -7014172409421197/18014398509481984
661762631329059/562949953421312 8355991780469091/4503599627370496 7171274686523759/36028797018963968 -3403317456844663/9007199254740992 -5351305159993539/4503599627370496
-8842399026413585/9007199254740992 -2523532020500397/4503599627370496 7489459039255405/18014398509481984 5734095851934831/36028797018963968 1169651775426571/2251799813685248
-2340786071289225/4503599627370496 6251692066274143/9007199254740992 2999122405034621/2251799813685248 1497262271432757/4503599627370496 3381872883818963/1152921504606846976
-3661164682659217/36028797018963968 -8511700952846699/9007199254740992 -3565064835750019/9007199254740992 2011293087271493/4503599627370496 -3785668647922973/2251799813685248
1620653744350849/4503599627370496 -2211346942837975/72057594037927936 1704151435387149/2251799813685248 -1414586876687029/1125899906842624 -7133985679164573/4503599627370496
8372159010164701/18014398509481984 3416359592478289/4503599627370496 -135742319613219/140737488355328 143665875651545/562949953421312 -4122722173971009/18014398509481984
3169796730122949/4503599627370496 3339247701748291/4503599627370496 4853672159966133/9007199254740992 -5170970328929313/9007199254740992 -1293024643357957/1125899906842624
-5064188660976695/9007199254740992 4938831713942913/9007199254740992 -1574963556214121/2251799813685248 -2851436069918045/9007199254740992 -3324496168217295/18014398509481984
2873351021670313/4503599627370496 2471415619269509/4503599627370496 -2574446598787477/36028797018963968 7093340604400437/9007199254740992 8702856544908247/36028797018963968
4932012902426231/9007199254740992 4590925546923291/4503599627370496 4574567591260173/4503599627370496 8358817962275701/36028797018963968 -3330220279216397/4503599627370496
3422328165129245/4503599627370496 5028722799418813/4503599627370496 -7112670201640149/36028797018963968 -1558591829080231/4503599627370496 -4534283323533337/4503599627370496
74099652336997/70368744177664 2620701244810933/2251799813685248 4053637271157667/18014398509481984 -705505889240635/562949953421312 -6018105753905771/9007199254740992
4786418392309909/9007199254740992 28812653446037/70368744177664 6857688508539755/9007199254740992 7117459801093271/72057594037927936 -3347826979705465/4503599627370496
843316132076877/4503599627370496 -5724011474705939/576460752303423488 1782789952681391/2251799813685248 1538841195041425/2251799813685248 -1838019890351421/4503599627370496
-3260420657636643/4503599627370496 4047629519383549/18014398509481984 1668162744893607/2251799813685248 8568755411129049/18014398509481984 690579965899379/4503599627370496
-86097491684339/70368744177664 1757463892881701/2251799813685248 5455535116438149/4503599627370496 1161588351868645/2251799813685248 -699193800807487/1125899906842624
7067583300031901/18014398509481984 2896559785120565/4503599627370496 1420282984792157/2251799813685248 5018034292433309/36028797018963968 -6946619681937541/9007199254740992
1673227905638895/36028797018963968 143758532412943/281474976710656 -6473760158426561/18014398509481984 1318176903089275/9007199254740992 7126953395853763/36028797018963968
rho 6237259516612919/9007199254740992
pair 0 2,3,3,2,0,0,3,0,3,1,1,2,2,1,1,3,1,2,0,0,0,3,3,3,0,3,0,0,3,1,3,2,2,1,3,0,0,2,1,1 2,2,3,3,0,0,1,1 float 3,2,3,3,1,0,2,1 1
pair 1 2,0,1,2,0,2,1,2,2,3,0,0,2,1,2,3,3,3,1,0,2,0,2,1,3,0,3,1,0,3,0,0,2,0,1,0,2,0,2,0 3,1,0,2,1,3,2,0 float 3,1,3,2,3,3,1,0 1
pair 2 2,3,2,1,3,2,3,0,3,0,3,2,3,3,2,0,0,2,2,1,2,3,2,2,2,0,0,0,0,1,0,0,2,0,2,1,1,2,3,2 0,3,1,0,2,1,3,2 float 0,2,1,1,2,1,3,2 1
pair 3 3,2,0,1,3,2,0,2,1,2,3,0,0,3,3,1,1,1,0,3,1,3,2,2,1,0,3,1,1,3,2,2,0,0,2,3,0,1,2,2 3,3,0,0,1,1,2,2 float 2,3,3,0,0,1,1,2 1
pair 4 3,3,3,3,1,0,2,0,0,3,3,1,2,1,1,0,1,3,1,3,0,2,0,2,3,1,2,0,3,0,1,2,0,3,2,3,0,3,0,2 1,3,2,0,3,1,0,2 float 1,3,2,3,3,2,0,2 1
pair 5 2,3,0,3,2,1,1,2,0,0,2,2,0,0,0,2,3,1,3,3,0,3,0,3,3,2,2,2,0,2,3,2,3,1,0,0,1,1,0,3 1,0,2,1,3,2,0,3 float 1,0,2,1,1,2,1,3 1
pair 6 3,1,3,3,2,3,3,3,3,0,3,0,3,3,1,2,0,2,1,1,0,1,3,1,2,2,1,1,3,0,0,2,3,0,2,3,3,0,0,2 1,3,2,0,3,1,0,2 float 1,3,2,3,3,2,0,2 1
pair 7 1,2,3,3,2,1,2,3,2,3,1,0,2,0,2,0,1,1,1,0,2,3,2,1,1,0,1,0,0,3,2,1,3,3,0,3,1,2,1,2 2,3,3,0,0,1,1,2 float 2,3,3,0,0,1,1,2 1
pair 8 0,2,2,0,1,0,0,2,2,2,1,3,3,0,3,2,0,0,2,0,0,0,2,1,1,0,3,2,1,3,1,3,3,2,0,2,3,0,2,3 3,0,0,1,1,2,2,3 float 1,0,2,1,1,2,1,3 1
pair 9 3,0,2,2,2,1,0,2,2,2,1,3,1,0,2,2,0,3,2,0,0,1,2,1,1,2,2,3,3,0,1,3,2,3,3,2,3,1,1,3 2,0,3,1,0,2,1,3 float 1,0,2,1,1,2,1,3 1
pair 10 2,3,1,0,3,3,2,1,2,2,0,0,1,3,2,0,3,1,3,3,2,2,0,3,1,0,0,0,3,1,2,1,3,2,3,1,3,0,1,3 2,0,3,1,0,2,1,3 float 1,0,2,1,1,2,1,3 1
pair 11 1,3,2,1,1,0,0,1,2,1,1,3,2,0,0,0,2,1,2,0,1,1,0,0,2,1,0,3,3,2,1,3,2,1,3,3,2,2,3,2 0,3,1,0,2,1,3,2 float 2,3,3,0,2,1,1,2 1
pair 12 3,2,3,3,3,1,3,0,0,1,3,2,3,2,3,2,2,3,1,0,1,0,2,3,2,2,1,1,1,0,0,1,2,0,3,3,3,0,1,2 2,3,3,0,0,1,1,2 float 2,3,3,0,0,1,1,2 1
pair 13 1,2,0,2,2,3,2,0,3,3,1,2,1,2,2,1,2,0,1,2,1,0,0,2,2,3,2,2,0,3,0,3,3,0,2,3,0,3,2,0 3,1,0,2,1,3,2,0 float 2,1,3,2,3,3,1,0 1
pair 14 2,2,1,2,0,1,3,1,1,3,3,2,1,2,0,1,3,0,3,3,0,1,1,0,0,3,2,3,2,1,2,3,3,0,0,0,0,0,3,1 0,2,1,3,2,0,3,1 float 3,2,3,3,1,0,2,1 1
pair 15 0,0,0,2,0,3,1,0,2,3,3,3,0,2,1,3,3,2,2,1,1,1,2,2,1,3,0,0,1,1,1,2,0,2,1,1,3,2,1,2 2,3,3,0,0,1,1,2 float 2,3,3,0,0,1,1,2 1
pair 16 3,1,3,3,0,0,1,1,3,1,2,2,0,3,0,2,0,1,0,2,0,2,0,3,3,0,1,0,3,3,3,1,1,1,1,3,0,0,1,0 2,1,3,2,0,3,1,0 float 3,1,3,2,3,3,1,0 1
pair 17 3,3,3,2,3,0,2,1,2,3,1,1,2,2,0,1,1,2,2,2,0,0,1,1,1,1,3,2,1,3,1,2,2,2,3,1,3,1,2,1 3,2,0,3,1,0,2,1 float 3,2,3,3,1,0,2,1 1
pair 18 2,3,1,3,0,3,1,3,3,1,0,0,0,0,1,0,3,0,0,3,1,0,3,0,0,2,2,0,1,3,2,0,3,0,1,3,1,2,0,3 1,0,2,1,3,2,0,3 float 1,0,2,1,1,2,1,3 1
pair 19 1,2,0,0,2,0,2,0,1,0,2,1,2,3,3,0,3,3,0,3,3,1,3,2,3,2,3,0,0,3,2,1,3,1,0,0,3,1,0,0 1,1,2,2,3,3,0,0 float 3,1,3,2,3,3,1,0 1
pair 20 0,3,2,0,0,0,1,0,2,3,3,0,1,2,1,2,2,2,1,2,3,1,3,3,1,0,1,1,2,2,2,3,1,3,1,2,1,3,1,0 2,1,3,2,0,3,1,0 float 2,1,3,2,3,3,1,0 1
pair 21 2,3,2,2,2,3,2,1,0,3,0,0,1,3,0,0,1,1,3,1,1,2,1,2,0,1,0,1,1,3,1,3,0,1,0,3,2,2,3,3 0,0,1,1,2,2,3,3 float 1,0,2,1,1,2,1,3 1
pair 22 1,2,2,2,2,3,0,1,2,3,1,1,0,0,0,3,0,3,3,0,2,3,3,1,3,3,2,2,0,2,3,2,3,1,0,1,0,1,2,3 3,0,0,1,1,2,2,3 float 1,0,2,1,1,2,1,3 1
pair 23 2,1,3,3,3,3,1,2,0,2,1,2,3,1,3,1,1,3,0,1,3,1,3,3,2,1,0,2,1,0,0,1,2,1,3,3,2,3,1,0 2,1,3,2,0,3,1,0 float 2,1,3,2,3,3,1,0 1
pair 24 0,1,2,3,2,2,1,0,1,0,3,0,2,0,2,0,0,0,3,0,2,0,0,2,2,1,0,0,1,0,1,3,1,0,0,3,2,3,3,1 0,2,1,3,2,0,3,1 float 0,2,1,1,2,1,3,2 1
pair 25 1,1,3,2,2,0,0,1,0,0,1,0,2,1,2,1,2,0,2,1,0,0,0,0,1,2,2,0,0,2,0,1,3,2,3,3,3,1,2,1 3,2,0,3,1,0,2,1 float 3,2,3,3,1,0,2,1 1
pair 26 3,3,3,0,0,1,1,1,1,0,2,3,1,3,1,1,0,2,3,2,2,2,0,0,0,0,3,2,0,3,1,1,2,2,2,2,3,1,3,3 0,0,1,1,2,2,3,3 float 1,0,2,1,1,2,1,3 1
pair 27 0,2,1,3,3,0,1,2,2,3,0,1,1,0,1,3,1,0,2,2,1,1,3,2,2,1,3,1,3,3,0,0,0,3,1,1,1,3,1,3 2,0,3,1,0,2,1,3 float 1,0,2,1,1,2,1,3 1
pair 28 2,1,1,0,1,2,1,0,2,0,3,2,0,2,1,0,2,0,0,1,3,1,0,2,3,2,3,0,2,0,2,3,0,1,1,2,0,2,2,2 3,3,0,0,1,1,2,2 float 3,3,0,1,1,1,2,2 1
pair 29 3,1,2,0,1,2,0,0,3,1,1,1,1,3,0,0,1,2,3,3,1,0,3,0,2,3,0,1,3,0,0,2,1,3,0,2,0,3,1,0 2,1,3,2,0,3,1,0 float 2,1,3,2,3,3,1,0 1
pair 30 0,3,0,0,2,3,2,3,0,3,0,0,2,1,0,0,2,1,0,0,2,1,0,1,1,1,0,1,2,2,0,3,3,0,0,2,2,1,3,2 0,3,1,0,2,1,3,2 float 2,3,3,0,2,1,1,2 1
pair 31 0,0,3,3,0,3,2,3,0,2,2,3,1,1,3,0,1,0,2,1,1,1,0,2,3,1,0,2,0,3,2,1,3,0,2,2,0,0,0,3 1,0,2,1,3,2,0,3 float 1,3,2,3,3,1,0,1 1
pair 32 3,3,2,0,3,1,1,0,3,0,1,0,0,1,2,2,0,2,1,2,3,3,1,2,2,1,1,1,1,1,3,1,2,3,2,3,1,2,0,2 1,3,2,0,3,1,0,2 float 1,3,2,3,3,2,0,2 1
pair 33 1,3,3,1,0,2,2,1,3,3,3,0,2,2,2,2,0,1,1,3,3,1,1,1,2,3,2,0,0,1,0,0,0,3,1,1,3,1,3,2 0,3,1,0,2,1,3,2 float 2,3,3,0,0,1,1,2 1
pair 34 2,1,3,3,3,1,0,2,0,0,0,3,1,0,0,0,2,3,3,1,2,1,2,2,3,1,2,0,2,1,3,0,0,2,0,0,2,1,3,3 0,0,1,1,2,2,3,3 float 1,0,2,1,1,2,1,3 1
pair 35 2,3,3,3,2,3,2,2,2,3,1,1,2,1,1,0,2,2,0,0,0,2,0,2,1,3,1,3,0,3,1,1,2,1,2,1,1,2,0,2 1,3,2,0,3,1,0,2 float 1,3,2,3,3,2,0,2 1
pair 36 3,2,3,0,3,3,3,0,1,1,1,2,2,3,3,0,3,0,2,0,2,0,3,1,0,2,2,0,2,1,3,3,0,3,0,0,3,2,2,0 3,1,0,2,1,3,2,0 float 2,1,3,2,3,3,1,0 1
pair 37 3,1,2,0,1,1,1,3,2,1,0,1,2,2,3,2,1,3,0,0,1,1,2,1,2,2,3,3,3,1,3,1,3,3,3,1,2,1,1,0 2,1,3,2,0,3,1,0 float 3,1,3,2,3,3,1,0 1
pair 38 0,0,1,3,1,3,1,3,3,3,1,2,3,1,1,1,3,0,2,2,2,3,1,1,3,2,2,0,2,3,0,1,3,3,3,3,3,2,0,3 1,0,2,1,3,2,0,3 float 1,0,2,1,1,2,1,3 1
pair 39 3,2,1,1,0,0,2,1,3,3,1,3,2,2,1,0,0,1,0,3,1,3,3,2,3,2,3,2,1,3,3,3,1,1,3,2,0,1,3,3 0,0,1,1,2,2,3,3 float 1,0,2,1,1,2,1,3 1
pair 40 1,1,3,1,1,0,3,0,2,1,2,1,3,0,1,2,3,3,2,1,0,2,1,2,0,2,3,1,2,0,3,3,1,0,0,1,2,0,0,1 1,2,2,3,3,0,0,1 float 3,2,3,3,1,0,2,1 1
pair 41 0,2,3,1,2,1,3,1,2,1,1,0,1,0,1,0,0,2,3,3,1,1,1,0,1,2,1,3,3,1,3,1,0,0,0,0,0,2,1,0 2,1,3,2,0,3,1,0 float 3,1,3,2,3,3,1,0 1
pair 42 1,0,2,3,3,1,0,3,1,1,3,1,3,0,1,2,0,3,1,3,3,1,2,0,1,2,3,1,3,0,3,2,2,2,0,3,0,0,1,0 2,1,3,2,0,3,1,0 float 3,1,3,2,3,3,1,0 1
pair 43 2,0,2,1,1,3,1,2,2,1,2,3,3,3,0,1,2,2,3,0,2,1,1,3,1,2,3,1,1,0,2,3,0,0,3,3,1,3,3,0 0,1,1,2,2,3,3,0 float 2,1,3,2,3,3,1,0 1
pair 44 1,3,1,1,2,0,1,3,2,0,3,1,3,1,3,2,3,0,3,2,2,0,0,3,2,2,3,3,0,3,3,3,0,2,1,3,2,3,2,2 3,3,0,0,1,1,2,2 float 2,3,3,0,2,1,1,2 1
pair 45 1,1,2,0,1,0,3,1,3,2,1,1,0,3,2,2,1,2,2,1,1,0,2,1,2,2,0,2,2,0,2,0,3,0,2,0,3,2,1,1 2,2,3,3,0,0,1,1 float 3,2,3,3,1,0,2,1 1
pair 46 3,0,1,1,0,1,1,1,2,3,2,0,0,2,1,3,3,1,3,2,3,1,3,2,3,1,1,0,0,2,2,3,0,3,3,3,0,3,2,1 3,2,0,3,1,0,2,1 float 3,2,3,3,1,0,2,1 1
pair 47 2,2,2,0,1,3,0,2,0,2,2,1,3,3,1,2,1,1,1,2,1,0,1,1,1,0,0,1,3,2,1,3,0,2,3,1,3,0,3,3 0,0,1,1,2,2,3,3 float 1,0,2,1,1,2,1,3 1
pair 48 0,2,2,1,2,1,0,0,0,2,2,2,3,0,3,0,3,2,2,1,0,2,3,3,1,1,2,1,1,3,0,3,0,3,2,3,1,3,0,2 1,3,2,0,3,1,0,2 float 1,3,2,3,3,2,0,2 1
pair 49 3,3,3,0,2,0,1,2,0,1,1,0,1,2,1,3,3,3,1,3,0,0,0,2,1,3,1,1,1,3,2,1,2,0,3,1,3,0,0,0 1,1,2,2,3,3,0,0 float 3,1,3,2,3,3,1,0 1
pair 50 0,2,1,3,2,3,3,0,0,2,2,2,2,3,3,1,2,3,1,3,1,3,1,0,3,1,1,2,2,2,3,1,1,2,0,1,3,2,2,2 3,3,0,0,1,1,2,2 float 2,3,3,0,2,1,1,2 1
pair 51 2,3,1,0,0,1,1,0,1,2,0,2,2,2,2,1,2,2,2,3,0,1,2,0,2,1,1,0,1,2,0,1,1,2,1,2,1,3,3,1 0,2,1,3,2,0,3,1 float 0,2,1,1,2,1,3,2 1
pair 52 1,3,3,1,1,0,2,0,0,3,2,3,1,3,0,1,2,0,2,2,0,3,2,0,3,0,1,2,1,0,0,2,2,3,1,3,1,3,2,3 3,0,0,1,1,2,2,3 float 1,0,2,1,1,2,1,3 1
pair 53 0,3,3,1,0,3,0,0,3,0,1,3,2,0,0,0,0,3,0,1,1,3,3,2,0,1,3,1,3,2,0,0,3,0,3,2,1,1,0,3 1,0,2,1,3,2,0,3 float 1,0,2,1,1,2,1,3 1
pair 54 3,1,3,1,3,0,2,0,1,0,2,3,1,1,1,3,1,2,0,0,3,1,3,2,0,3,3,3,3,2,1,0,1,0,2,0,2,2,2,0 3,1,0,2,1,3,2,0 float 3,1,3,2,3,3,1,0 1
pair 55 2,0,2,2,0,3,2,0,1,0,0,3,1,2,3,0,2,1,1,2,0,2,1,2,1,3,2,1,1,1,0,3,2,3,2,1,3,1,3,3 0,0,1,1,2,2,3,3 float 1,0,2,1,1,2,1,3 1
pair 56 1,3,1,0,0,1,2,0,3,0,1,1,2,0,2,1,2,2,0,1,2,1,3,0,0,2,2,3,1,2,3,1,3,0,0,3,2,3,3,0 0,1,1,2,2,3,3,0 float 3,1,3,2,3,3,1,0 1
pair 57 0,0,3,2,3,1,2,0,3,1,2,1,0,1,3,3,2,1,2,3,1,2,1,2,2,3,0,1,0,2,2,0,1,0,2,1,1,2,2,2 3,3,0,0,1,1,2,2 float 3,3,0,1,1,1,2,2 1
pair 58 2,3,1,1,1,3,1,3,2,1,3,1,1,1,0,3,1,0,2,3,1,0,2,1,1,1,0,2,2,1,3,0,1,0,1,0,2,1,3,3 0,0,1,1,2,2,3,3 float 1,0,2,1,1,2,1,3 1
pair 59 2,0,0,3,2,0,0,1,1,3,2,0,2,1,0,0,0,1,1,1,1,1,2,3,1,1,2,0,1,3,1,2,3,3,3,1,1,3,0,0 1,1,2,2,3,3,0,0 float 2,1,3,2,3,3,1,0 1
pair 60 1,0,2,3,1,0,0,0,2,2,3,2,1,1,1,2,3,0,3,3,1,1,1,2,1,0,0,1,2,2,3,1,2,0,1,0,2,2,1,3 2,0,3,1,0,2,1,3 float 1,0,2,1,1,2,1,3 1
pair 61 0,3,1,1,2,3,2,3,1,1,3,1,1,2,3,1,1,2,2,0,2,3,1,2,2,3,1,0,0,3,0,2,2,0,0,2,2,3,1,0 2,1,3,2,0,3,1,0 float 2,1,3,2,3,3,1,0 1
pair 62 3,1,2,1,3,0,0,3,0,2,0,1,1,1,3,1,1,1,1,0,0,0,0,2,2,2,2,2,0,0,0,2,1,3,1,2,2,3,0,2 1,3,2,0,3,1,0,2 float 2,3,3,0,2,1,1,2 1
pair 63 1,1,3,3,1,2,2,2,0,2,3,2,3,3,1,0,1,3,0,1,0,2,2,1,0,3,2,1,3,1,1,3,1,3,0,0,3,0,3,0 0,1,1,2,2,3,3,0 float 3,1,3,2,3,3,1,0 1
pair 64 1,1,0,2,3,3,1,1,2,0,0,1,2,0,3,0,2,3,1,2,2,1,3,1,0,0,0,3,0,2,3,2,2,3,3,0,1,3,1,1 2,2,3,3,0,0,1,1 float 3,2,3,3,1,0,2,1 1
pair 65 1,3,2,2,2,0,1,2,2,1,1,1,2,2,3,2,0,0,3,2,2,1,3,3,2,1,1,3,3,2,2,2,2,2,0,2,2,1,3,2 0,3,1,0,2,1,3,2 float 2,3,3,0,0,1,1,2 1
pair 66 0,3,3,1,3,2,0,3,0,3,1,1,2,2,2,3,3,3,0,0,0,3,2,2,1,0,3,1,1,1,0,1,0,2,2,1,2,0,3,2 0,3,1,0,2,1,3,2 float 2,3,3,0,0,1,1,2 1
pair 67 0,2,1,3,1,2,2,2,1,1,1,0,0,3,2,0,1,2,3,3,2,2,0,1,0,0,2,2,1,3,2,1,1,3,2,2,1,1,2,0 3,1,0,2,1,3,2,0 float 2,1,3,2,3,3,1,0 1
pair 68 2,0,2,3,1,3,2,2,3,1,3,3,1,0,0,2,2,3,0,3,3,0,2,2,3,3,3,3,3,2,1,2,3,1,0,3,3,1,0,0 1,1,2,2,3,3,0,0 float 3,1,3,2,3,3,1,0 1
pair 69 1,3,0,2,1,1,1,1,2,2,0,1,1,1,2,2,1,3,1,1,0,2,0,3,0,0,2,3,1,3,0,3,3,0,1,1,3,3,3,2 0,3,1,0,2,1,3,2 float 0,2,1,1,2,1,3,2 1
pair 70 0,2,1,3,2,0,0,2,2,3,0,3,1,3,3,1,0,2,0,0,3,1,3,3,1,1,3,1,3,3,1,3,0,1,1,0,1,0,3,3 0,0,1,1,2,2,3,3 float 1,0,2,1,1,2,1,3 1
pair 71 1,0,0,1,2,3,0,1,3,1,1,3,1,2,1,3,1,2,0,3,2,2,0,2,3,0,2,1,1,0,3,3,2,2,3,2,2,3,2,1 3,2,0,3,1,0,2,1 float 3,2,3,3,1,0,2,1 1
pair 72 1,2,2,3,2,1,2,1,3,1,2,3,3,0,2,0,3,2,1,3,0,3,3,0,3,1,0,0,0,2,0,1,1,1,3,3,0,3,1,3 2,0,3,1,0,2,1,3 float 2,3,3,1,0,2,1,3 1
pair 73 0,0,1,0,0,2,3,2,0,0,1,0,1,3,0,3,2,1,3,0,3,2,2,0,3,3,1,3,0,1,0,3,2,1,0,3,1,2,2,2 3,3,0,0,1,1,2,2 float 2,3,3,0,2,1,1,2 1
pair 74 1,0,2,0,1,3,1,3,1,3,3,1,2,2,1,2,3,0,0,0,3,0,3,1,0,2,3,3,3,0,1,0,1,2,3,0,2,1,0,2 1,3,2,0,3,1,0,2 float 2,3,3,0,0,1,1,2 1
pair 75 2,0,3,0,2,1,3,1,3,2,3,2,0,1,2,0,2,0,1,0,0,2,1,0,3,2,3,3,3,2,3,1,2,1,3,0,2,0,2,2 3,3,0,0,1,1,2,2 float 2,3,3,0,0,1,1,2 1
pair 76 0,1,3,2,0,1,0,0,3,0,0,0,3,3,3,3,3,3,3,0,1,1,3,3,0,2,1,0,1,3,3,0,3,1,2,3,0,2,1,2 2,3,3,0,0,1,1,2 float 2,3,3,0,0,1,1,2 1
pair 77 2,0,0,1,3,3,3,2,3,0,3,0,2,2,1,0,1,1,1,1,1,3,0,3,3,0,1,1,0,1,0,0,3,3,1,2,0,3,3,3 0,0,1,1,2,2,3,3 float 1,0,2,1,1,2,1,3 1
pair 78 2,3,0,2,3,2,2,0,1,3,0,0,0,3,3,3,0,1,2,3,2,3,3,2,1,2,1,1,2,0,1,0,3,2,1,2,2,0,0,3 1,0,2,1,3,2,0,3 float 1,0,2,1,1,2,1,3 1
pair 79 1,2,2,3,1,2,2,2,3,1,1,1,3,3,3,0,1,1,3,1,0,0,0,2,2,3,3,0,3,2,1,0,3,2,2,0,3,0,2,3 3,0,0,1,1,2,2,3 float 1,0,2,1,1,2,1,3 1
pair 80 1,2,2,3,1,2,3,0,3,2,1,0,1,0,3,3,3,0,2,1,1,2,3,0,2,2,3,0,2,1,0,3,0,3,1,2,0,3,2,3 3,0,0,1,1,2,2,3 float 1,0,2,1,1,2,1,3 1
pair 81 0,3,3,0,1,1,0,2,2,0,0,0,0,3,2,0,2,1,2,2,3,0,0,1,2,2,3,0,0,0,1,3,1,2,3,1,3,2,3,1 0,2,1,3,2,0,3,1 float 0,2,1,1,2,1,3,2 1
pair 82 1,3,3,1,2,3,0,1,0,0,1,0,2,2,0,1,2,1,2,1,3,2,1,0,0,3,2,3,1,0,3,1,0,0,0,0,0,3,3,1 0,2,1,3,2,0,3,1 float 0,2,1,1,2,1,3,2 1
pair 83 1,2,0,2,2,3,0,2,1,2,3,1,1,3,1,2,2,2,1,0,1,1,3,0,1,2,1,1,3,1,0,0,2,3,3,2,0,2,2,2 3,3,0,0,1,1,2,2 float 3,3,0,0,1,1,2,2 1
pair 84 3,1,0,1,1,3,1,1,1,2,0,3,0,3,1,3,3,3,2,2,1,1,3,0,3,0,3,1,0,1,3,3,2,0,3,1,2,0,3,3 0,0,1,1,2,2,3,3 float 1,0,2,1,1,2,1,3 1
pair 85 1,1,3,1,1,1,3,2,2,0,2,0,3,0,2,2,1,3,3,1,1,3,1,2,0,0,2,1,2,1,2,3,0,1,0,1,2,0,3,1 0,2,1,3,2,0,3,1 float 3,2,3,3,1,0,2,1 1
pair 86 1,0,3,0,2,2,2,1,0,1,3,2,1,0,2,3,2,0,2,0,2,3,3,2,3,0,1,2,0,2,1,1,1,3,1,0,1,1,1,3 2,0,3,1,0,2,1,3 float 1,0,2,1,1,2,1,3 1
pair 87 3,0,0,2,0,2,0,2,0,3,3,3,3,0,3,1,0,2,2,1,2,2,0,2,1,2,1,3,1,1,3,3,2,3,0,0,2,3,3,1 0,2,1,3,2,0,3,1 float 0,2,1,1,2,1,3,2 1
pair 88 2,1,1,0,1,0,2,3,2,3,0,3,3,2,0,0,1,0,2,1,2,1,3,2,0,0,3,1,3,0,2,0,3,2,2,0,3,1,0,0 1,1,2,2,3,3,0,0 float 3,1,3,2,3,3,1,0 1
pair 89 0,2,2,0,3,0,0,1,2,1,2,0,3,3,0,3,2,2,0,1,0,1,2,0,1,1,0,1,2,0,1,3,1,3,3,2,3,1,2,1 3,2,0,3,1,0,2,1 float 3,2,3,3,1,0,2,1 1
pair 90 2,3,1,0,3,1,2,0,3,3,0,1,3,3,0,3,0,2,2,0,0,2,2,0,3,2,0,2,1,0,0,2,2,2,2,1,3,3,0,3 1,0,2,1,3,2,0,3 float 1,0,2,1,1,2,1,3 1
pair 91 3,3,3,1,3,0,3,0,0,0,3,1,3,2,2,0,1,1,0,2,0,3,0,0,2,1,2,0,0,1,2,0,1,0,0,1,1,2,3,0 0,1,1,2,2,3,3,0 float 3,1,3,2,3,3,1,0 1
pair 92 3,3,1,3,1,2,1,3,3,1,3,1,2,1,3,3,1,2,2,2,1,1,2,1,1,3,1,0,2,2,1,2,0,0,2,2,0,3,0,2 1,3,2,0,3,1,0,2 float 1,3,2,3,3,2,0,2 1
pair 93 2,1,0,3,0,1,1,0,1,0,1,1,3,1,0,2,3,3,0,1,0,2,0,1,0,1,2,3,1,2,0,1,0,1,1,1,0,3,1,3 2,0,3,1,0,2,1,3 float 2,3,3,1,0,2,1,3 1
pair 94 1,0,3,1,0,0,1,3,1,2,2,0,0,2,3,0,1,0,0,2,1,1,1,2,1,2,0,0,0,0,1,0,2,2,3,0,2,2,1,2 2,3,3,0,0,1,1,2 float 2,3,3,0,0,1,1,2 1
pair 95 0,2,1,2,2,2,3,3,2,1,0,3,0,2,1,0,0,1,0,2,2,1,0,0,0,3,1,3,2,0,2,1,2,2,1,1,2,1,2,2 3,3,0,0,1,1,2,2 float 2,3,3,0,2,1,1,2 1
pair 96 0,1,2,0,2,3,2,2,1,3,1,1,0,1,1,2,2,2,0,3,1,2,3,3,3,2,3,3,3,0,0,3,0,3,1,3,3,0,2,0 3,1,0,2,1,3,2,0 float 3,1,3,2,3,3,1,0 1
pair 97 1,2,0,2,1,1,0,2,1,2,3,0,2,3,3,3,0,1,2,0,0,3,3,0,2,3,0,0,2,3,1,2,3,2,1,0,0,0,0,3 1,0,2,1,3,2,0,3 float 1,0,2,1,1,2,1,3 1
pair 98 3,2,1,0,1,3,1,1,3,0,2,1,1,3,0,1,2,1,2,1,0,3,3,0,2,3,0,1,1,0,0,1,2,0,2,1,3,3,1,0 2,1,3,2,0,3,1,0 float 2,1,3,2,3,3,1,0 1
pair 99 0,2,1,0,0,1,1,2,1,3,2,0,1,2,3,2,3,0,0,3,2,1,2,1,1,1,2,0,1,0,3,3,0,2,1,3,1,1,2,2 3,3,0,0,1,1,2,2 float 2,3,3,0,2,1,1,2 1
pair 100 2,0,0,3,0,0,2,0,1,1,1,0,2,3,0,0,0,3,3,0,2,3,2,3,0,3,1,2,3,1,1,2,1,1,0,3,0,2,0,3 1,0,2,1,3,2,0,3 float 1,0,2,1,1,2,1,3 1
pair 101 3,1,1,0,3,3,2,2,0,2,1,3,0,1,1,1,0,3,2,2,3,1,2,2,1,1,2,3,3,2,0,1,0,1,2,1,1,0,0,1 1,2,2,3,3,0,0,1 float 3,2,3,3,1,0,2,1 1
pair 102 0,3,3,3,0,0,0,1,3,2,2,1,0,3,3,3,3,3,0,2,0,3,0,0,2,0,0,0,0,2,3,1,0,3,0,1,0,3,0,2 1,3,2,0,3,1,0,2 float 1,3,2,3,3,2,0,2 1
pair 103 3,1,1,3,0,1,0,2,2,1,1,3,1,3,3,3,1,0,0,0,1,3,2,1,0,1,1,1,3,1,1,0,3,2,1,2,0,2,2,3 3,0,0,1,1,2,2,3 float 1,0,2,1,1,2,1,3 1
pair 104 3,1,3,0,1,1,0,2,0,1,1,2,3,0,0,2,1,2,2,2,0,2,3,0,0,3,3,2,2,0,0,1,1,0,2,0,2,2,1,1 2,2,3,3,0,0,1,1 float 3,2,3,3,1,0,2,1 1
pair 105 0,0,1,0,0,2,2,3,2,3,2,1,2,2,2,0,0,1,2,1,0,0,0,1,2,2,0,1,2,0,2,1,2,3,0,0,0,2,3,0 0,1,1,2,2,3,3,0 float 3,1,3,2,3,3,1,0 1
pair 106 2,1,1,1,2,2,2,1,1,1,0,0,2,1,1,0,3,0,1,0,1,1,2,2,3,0,0,2,3,2,3,3,3,2,2,3,3,1,0,2 1,3,2,0,3,1,0,2 float 1,3,2,3,3,2,0,2 1
pair 107 1,0,3,2,3,1,3,1,2,2,2,1,3,0,0,0,2,1,3,2,2,0,2,0,3,3,2,0,1,2,0,1,3,3,3,3,3,2,0,0 1,1,2,2,3,3,0,0 float 1,3,2,3,3,2,0,2 1
pair 108 0,3,0,3,3,0,1,3,0,3,2,2,1,0,0,1,1,1,3,2,3,3,1,1,1,2,3,3,0,1,2,1,0,1,1,3,2,0,0,2 1,3,2,0,3,1,0,2 float 2,3,3,0,2,1,1,2 1
pair 109 2,0,0,2,3,3,0,2,3,3,0,1,0,1,1,2,3,3,1,1,1,3,1,0,2,0,0,1,2,0,2,0,3,0,0,0,0,3,1,1 2,2,3,3,0,0,1,1 float 2,0,3,1,0,2,1,3 1
pair 110 2,3,1,2,0,0,1,2,3,2,2,0,1,3,2,1,2,1,0,0,1,2,0,3,1,1,3,2,3,0,0,2,2,2,3,3,2,3,1,2 2,3,3,0,0,1,1,2 float 2,3,3,0,0,1,1,2 1
pair 111 1,3,1,3,0,1,3,1,2,1,1,3,2,2,3,0,0,2,3,2,1,1,3,0,2,1,1,2,0,0,1,1,2,0,0,0,0,0,0,2 1,3,2,0,3,1,0,2 float 1,3,2,3,3,2,0,2 1
pair 112 0,2,3,2,3,1,3,3,0,2,2,0,3,1,2,2,0,0,0,3,1,2,2,0,1,1,0,1,2,3,1,3,3,2,0,1,2,1,3,3 0,0,1,1,2,2,3,3 float 1,0,2,1,1,2,1,3 1
pair 113 2,1,1,0,1,2,2,3,2,3,0,3,2,1,2,2,1,1,0,0,1,1,1,3,0,3,3,0,3,1,2,3,1,2,1,3,1,2,3,0 0,1,1,2,2,3,3,0 float 3,1,3,2,3,3,1,0 1
pair 114 3,1,3,2,0,2,3,1,0,2,2,2,3,2,2,1,0,2,0,0,2,1,1,0,1,2,0,2,2,1,2,3,2,2,2,0,2,0,1,2 2,3,3,0,0,1,1,2 float 2,3,3,0,0,1,1,2 1
pair 115 0,2,1,3,1,1,1,2,1,0,2,1,3,0,3,3,0,1,2,2,1,3,2,2,1,2,1,0,2,0,1,2,2,2,2,2,3,1,3,0 0,1,1,2,2,3,3,0 float 3,1,3,2,3,3,1,0 1
pair 116 0,0,1,0,3,1,2,3,0,2,0,1,3,0,0,1,2,1,0,0,3,3,3,1,1,0,3,0,1,1,0,1,0,0,1,1,2,2,1,2 2,3,3,0,0,1,1,2 float 2,3,3,0,0,1,1,2 1
pair 117 1,2,1,3,1,1,0,3,1,3,0,3,3,0,0,2,2,2,0,2,0,3,3,2,2,1,2,0,0,3,0,0,1,2,1,2,3,3,2,3 3,0,0,1,1,2,2,3 float 1,0,2,1,1,2,1,3 1
pair 118 0,2,1,3,3,2,3,3,3,0,1,0,0,3,1,2,3,2,0,3,1,2,0,3,2,1,2,0,3,1,3,2,0,3,0,1,1,3,3,2 0,3,1,0,2,1,3,2 float 0,2,1,1,2,1,3,2 1
pair 119 3,2,2,1,2,2,3,3,3,0,1,1,2,1,3,1,1,3,2,2,3,0,2,3,2,1,0,3,0,2,0,1,2,0,0,1,0,2,3,2 0,3,1,0,2,1,3,2 float 0,2,1,1,2,1,3,2 1
pair 120 3,3,2,3,0,0,3,0,3,2,0,0,1,3,3,2,0,1,2,1,1,2,0,1,1,3,3,1,0,3,3,1,1,2,2,2,0,1,3,0 0,1,1,2,2,3,3,0 float 3,1,3,2,3,3,1,0 1
pair 121 1,2,0,0,2,3,0,2,0,1,3,2,3,3,1,3,3,3,2,2,0,1,2,1,3,2,2,0,0,2,1,3,0,1,0,1,1,3,3,3 0,0,1,1,2,2,3,3 float 1,0,2,1,1,2,1,3 1
pair 122 3,0,0,1,1,1,2,0,3,3,0,2,3,1,0,0,0,3,1,0,0,2,1,2,1,3,2,1,3,3,3,1,0,1,0,1,3,1,1,1 2,2,3,3,0,0,1,1 float 3,2,3,3,1,0,2,1 1
pair 123 1,2,0,2,0,1,1,0,3,2,1,2,3,1,0,1,1,0,0,0,1,3,0,3,0,0,1,3,2,3,3,2,1,1,1,0,2,1,3,2 0,3,1,0,2,1,3,2 float 2,3,3,0,0,1,1,2 1
pair 124 0,3,1,3,1,0,2,2,0,3,2,3,2,2,1,3,2,0,3,0,1,3,0,2,3,1,0,3,0,0,2,0,0,1,1,3,3,2,1,1 2,2,3,3,0,0,1,1 float 3,2,3,3,1,0,2,1 1
pair 125 1,2,0,2,1,2,0,0,1,2,1,3,2,0,0,1,1,2,1,1,3,1,1,1,1,3,0,1,2,2,3,0,1,2,3,1,2,1,0,0 1,1,2,2,3,3,0,0 float 3,1,3,2,3,3,1,0 1
pair 126 3,2,3,0,2,0,0,3,3,0,0,0,2,0,0,2,3,2,0,3,0,3,1,1,3,2,2,0,3,2,2,3,3,3,3,2,2,2,3,2 0,3,1,0,2,1,3,2 float 0,2,1,1,2,1,3,2 1
pair 127 0,0,0,2,3,2,0,0,0,2,2,0,1,0,1,0,1,3,1,2,0,0,1,3,3,0,1,3,2,1,2,2,2,3,2,2,3,3,0,0 1,1,2,2,3,3,0,0 float 2,1,3,2,3,3,1,0 1
