  lossless (transport modulus 1): released 0, held 8, refused 0, refused certificates 0; whole sections 0 of 8; incorrect releases 0; reaching the termination 2; stations right 14 by station [2, 2, 1, 2, 4, 1, 1, 1]; first lock at a request-reading station (0 or 1) 0, first lock right 0
  opening (transport modulus 102837/131072): released 8, held 0, refused 0, refused certificates 0; whole sections 0 of 8; incorrect releases 8; reaching the termination 0; stations right 15 by station [1, 1, 3, 4, 2, 1, 3, 0]; first lock at a request-reading station (0 or 1) 0, first lock right 3
  executed-open (transport modulus 1750365/2097152): released 8, held 0, refused 0, refused certificates 0; whole sections 0 of 8; incorrect releases 8; reaching the termination 0; stations right 13 by station [1, 1, 3, 2, 3, 2, 1, 0]; first lock at a request-reading station (0 or 1) 4, first lock right 1
  refit (transport modulus 137573/262144): released 8, held 0, refused 0, refused certificates 0; whole sections 6 of 8; incorrect releases 2; reaching the termination 0; stations right 57 by station [7, 8, 6, 8, 6, 8, 6, 8]; first lock at a request-reading station (0 or 1) 0, first lock right 8
executed evaluate: <ms> ms; resident <now> now, <peak> peak
== lossless on order2, seed 41
1013122033001230210322033032122331332010 | target [2, 1, 3, 2, 0, 3, 1, 0] | held [2, 2, 2, 4, 1, 0, 2, 4] | locks []
0021232202322312102111031021323302333113 | target [2, 0, 3, 1, 0, 2, 1, 3] | held [0, 0, 0, 1, 0, 0, 0, 0] | locks []
2113301010103012033311312110100011213310 | target [2, 1, 3, 2, 0, 3, 1, 0] | held [2, 1, 1, 2, 0, 1, 1, 2] | locks []
0310233120011221021330332010023122213020 | target [3, 1, 0, 2, 1, 3, 2, 0] | held [2, 2, 1, 1, 2, 1, 1, 2] | locks []
0101122130013323301220211220301100223022 | target [3, 3, 0, 0, 1, 1, 2, 2] | held [1, 0, 2, 1, 1, 0, 4, 1] | locks []
3021110110121302013021012022002313210200 | target [1, 1, 2, 2, 3, 3, 0, 0] | held [3, 3, 3, 3, 3, 3, 3, 3] | locks []
2330230032110100220121212321320022030113 | target [2, 0, 3, 1, 0, 2, 1, 3] | held [3, 3, 3, 3, 3, 3, 3, 3] | locks []
0012213022030201002033032230121120312111 | target [2, 2, 3, 3, 0, 0, 1, 1] | held [0, 3, 0, 0, 3, 3, 3, 3] | locks []
== opening on order2, seed 41
1013122033001230210322033032122331332010 | target [2, 1, 3, 2, 0, 3, 1, 0] | released [1, 0, 1, 2, 1, 2, 1, 2] | locks [[6], [4], [2], [0], [7], [5], [1], [3]]
0021232202322312102111031021323302333113 | target [2, 0, 3, 1, 0, 2, 1, 3] | released [1, 3, 3, 1, 1, 1, 2, 1] | locks [[7], [0], [6], [2], [1], [3], [4], [5]]
2113301010103012033311312110100011213310 | target [2, 1, 3, 2, 0, 3, 1, 0] | released [1, 0, 1, 2, 1, 2, 1, 2] | locks [[6], [4], [7], [2], [0], [1], [5], [3]]
0310233120011221021330332010023122213020 | target [3, 1, 0, 2, 1, 3, 2, 0] | released [1, 0, 1, 0, 1, 0, 1, 2] | locks [[6], [4], [2], [5], [7], [1], [3], [0]]
0101122130013323301220211220301100223022 | target [3, 3, 0, 0, 1, 1, 2, 2] | released [3, 3, 3, 1, 0, 1, 0, 1] | locks [[7], [5], [6], [4], [3], [0], [2], [1]]
3021110110121302013021012022002313210200 | target [1, 1, 2, 2, 3, 3, 0, 0] | released [3, 3, 3, 3, 3, 1, 2, 1] | locks [[7], [6], [5], [2], [3], [1], [4], [0]]
2330230032110100220121212321320022030113 | target [2, 0, 3, 1, 0, 2, 1, 3] | released [3, 3, 3, 1, 1, 1, 2, 1] | locks [[7], [6], [2], [1], [3], [0], [4], [5]]
0012213022030201002033032230121120312111 | target [2, 2, 3, 3, 0, 0, 1, 1] | released [3, 0, 3, 2, 1, 2, 1, 2] | locks [[6], [5], [7], [3], [4], [1], [2], [0]]
== executed-open on order2, seed 41
1013122033001230210322033032122331332010 | target [2, 1, 3, 2, 0, 3, 1, 0] | released [0, 0, 0, 3, 3, 3, 1, 3] | locks [[0], [1], [2], [5], [7], [4], [6], [3]]
0021232202322312102111031021323302333113 | target [2, 0, 3, 1, 0, 2, 1, 3] | released [3, 3, 3, 0, 0, 0, 3, 0] | locks [[0], [3], [6], [1], [4], [7], [2], [5]]
2113301010103012033311312110100011213310 | target [2, 1, 3, 2, 0, 3, 1, 0] | released [3, 3, 3, 3, 1, 1, 3, 3] | locks [[2], [6], [1], [7], [4], [3], [0], [5]]
0310233120011221021330332010023122213020 | target [3, 1, 0, 2, 1, 3, 2, 0] | released [0, 0, 3, 3, 3, 3, 1, 3] | locks [[2], [7], [0], [1], [5], [4], [6], [3]]
0101122130013323301220211220301100223022 | target [3, 3, 0, 0, 1, 1, 2, 2] | released [3, 3, 3, 3, 1, 0, 0, 0] | locks [[3], [2], [4], [1], [0], [6], [7], [5]]
3021110110121302013021012022002313210200 | target [1, 1, 2, 2, 3, 3, 0, 0] | released [0, 3, 3, 3, 3, 1, 3, 3] | locks [[2], [7], [0], [3], [5], [4], [6], [1]]
2330230032110100220121212321320022030113 | target [2, 0, 3, 1, 0, 2, 1, 3] | released [3, 3, 1, 1, 3, 3, 3, 1] | locks [[0], [1], [2], [6], [5], [7], [4], [3]]
0012213022030201002033032230121120312111 | target [2, 2, 3, 3, 0, 0, 1, 1] | released [3, 3, 3, 3, 1, 1, 3, 3] | locks [[0], [1], [2], [7], [3], [4], [6], [5]]
== refit on order2, seed 41
1013122033001230210322033032122331332010 | target [2, 1, 3, 2, 0, 3, 1, 0] | released [2, 1, 3, 2, 0, 3, 1, 0] | locks [[5], [7], [3], [1], [4], [2], [6], [0]]
0021232202322312102111031021323302333113 | target [2, 0, 3, 1, 0, 2, 1, 3] | released [2, 0, 3, 1, 0, 2, 1, 3] | locks [[5], [7], [3], [1], [0], [4], [6], [2]]
2113301010103012033311312110100011213310 | target [2, 1, 3, 2, 0, 3, 1, 0] | released [1, 1, 2, 2, 3, 3, 0, 0] | locks [[5], [7], [3], [1], [0], [2], [4], [6]]
0310233120011221021330332010023122213020 | target [3, 1, 0, 2, 1, 3, 2, 0] | released [3, 1, 0, 2, 1, 3, 2, 0] | locks [[5], [7], [3], [1], [2], [4], [6], [0]]
0101122130013323301220211220301100223022 | target [3, 3, 0, 0, 1, 1, 2, 2] | released [3, 3, 0, 0, 1, 1, 2, 2] | locks [[4], [6], [2], [7], [1], [3], [5], [0]]
3021110110121302013021012022002313210200 | target [1, 1, 2, 2, 3, 3, 0, 0] | released [1, 1, 3, 2, 0, 3, 1, 0] | locks [[5], [7], [3], [1], [4], [6], [2], [0]]
2330230032110100220121212321320022030113 | target [2, 0, 3, 1, 0, 2, 1, 3] | released [2, 0, 3, 1, 0, 2, 1, 3] | locks [[5], [7], [3], [1], [0], [4], [6], [2]]
0012213022030201002033032230121120312111 | target [2, 2, 3, 3, 0, 0, 1, 1] | released [2, 2, 3, 3, 0, 0, 1, 1] | locks [[3], [5], [7], [1], [4], [6], [2], [0]]
