== opening on line, seed 2026093016
2222222222222222222222222222222222222222 | target [2, 2, 2, 2, 2, 2, 2, 2] | held [0, 0, 0, 0, 0, 0, 0, 0] | locks []
0202020202020202020202020202020202020202 | target [0, 2, 0, 2, 0, 2, 0, 2] | held [0, 0, 0, 0, 0, 0, 0, 0] | locks []
3210321032103210321032103210321032103210 | target [3, 2, 1, 0, 3, 2, 1, 0] | held [1, 0, 0, 4, 1, 0, 0, 4] | locks []
0123012301230123012301230123012301230123 | target [0, 1, 2, 3, 0, 1, 2, 3] | held [1, 0, 0, 1, 1, 0, 0, 1] | locks []
1313131313131313131313131313131313131313 | target [1, 3, 1, 3, 1, 3, 1, 3] | held [1, 1, 1, 1, 1, 1, 1, 2] | locks []
2103210321032103210321032103210321032103 | target [2, 1, 0, 3, 2, 1, 0, 3] | held [0, 0, 0, 1, 0, 0, 4, 3] | locks []
1313131313131313131313131313131313131313 | target [1, 3, 1, 3, 1, 3, 1, 3] | held [1, 1, 1, 1, 1, 1, 1, 2] | locks []
3012301230123012301230123012301230123012 | target [3, 0, 1, 2, 3, 0, 1, 2] | held [0, 0, 0, 0, 0, 0, 0, 0] | locks []
2301230123012301230123012301230123012301 | target [2, 3, 0, 1, 2, 3, 0, 1] | held [0, 0, 1, 0, 0, 0, 0, 0] | locks []
3131313131313131313131313131313131313131 | target [3, 1, 3, 1, 3, 1, 3, 1] | held [1, 1, 1, 1, 1, 1, 1, 2] | locks []
1032103210321032103210321032103210321032 | target [1, 0, 3, 2, 1, 0, 3, 2] | held [2, 4, 1, 4, 0, 4, 3, 1] | locks []
0123012301230123012301230123012301230123 | target [0, 1, 2, 3, 0, 1, 2, 3] | held [1, 0, 0, 1, 1, 0, 0, 1] | locks []
3131313131313131313131313131313131313131 | target [3, 1, 3, 1, 3, 1, 3, 1] | held [1, 1, 1, 1, 1, 1, 1, 2] | locks []
3131313131313131313131313131313131313131 | target [3, 1, 3, 1, 3, 1, 3, 1] | held [1, 1, 1, 1, 1, 1, 1, 2] | locks []
3131313131313131313131313131313131313131 | target [3, 1, 3, 1, 3, 1, 3, 1] | held [1, 1, 1, 1, 1, 1, 1, 2] | locks []
0202020202020202020202020202020202020202 | target [0, 2, 0, 2, 0, 2, 0, 2] | held [0, 0, 0, 0, 0, 0, 0, 0] | locks []
2222222222222222222222222222222222222222 | target [2, 2, 2, 2, 2, 2, 2, 2] | held [0, 0, 0, 0, 0, 0, 0, 0] | locks []
3210321032103210321032103210321032103210 | target [3, 2, 1, 0, 3, 2, 1, 0] | held [1, 0, 0, 4, 1, 0, 0, 4] | locks []
1111111111111111111111111111111111111111 | target [1, 1, 1, 1, 1, 1, 1, 1] | held [3, 3, 3, 3, 3, 3, 3, 1] | locks []
0202020202020202020202020202020202020202 | target [0, 2, 0, 2, 0, 2, 0, 2] | held [0, 0, 0, 0, 0, 0, 0, 0] | locks []
1230123012301230123012301230123012301230 | target [1, 2, 3, 0, 1, 2, 3, 0] | held [0, 0, 0, 0, 0, 0, 1, 0] | locks []
1313131313131313131313131313131313131313 | target [1, 3, 1, 3, 1, 3, 1, 3] | held [1, 1, 1, 1, 1, 1, 1, 2] | locks []
1230123012301230123012301230123012301230 | target [1, 2, 3, 0, 1, 2, 3, 0] | held [0, 0, 0, 0, 0, 0, 1, 0] | locks []
1230123012301230123012301230123012301230 | target [1, 2, 3, 0, 1, 2, 3, 0] | held [0, 0, 0, 0, 0, 0, 1, 0] | locks []
0123012301230123012301230123012301230123 | target [0, 1, 2, 3, 0, 1, 2, 3] | held [1, 0, 0, 1, 1, 0, 0, 1] | locks []
2103210321032103210321032103210321032103 | target [2, 1, 0, 3, 2, 1, 0, 3] | held [0, 0, 0, 1, 0, 0, 4, 3] | locks []
2103210321032103210321032103210321032103 | target [2, 1, 0, 3, 2, 1, 0, 3] | held [0, 0, 0, 1, 0, 0, 4, 3] | locks []
2103210321032103210321032103210321032103 | target [2, 1, 0, 3, 2, 1, 0, 3] | held [0, 0, 0, 1, 0, 0, 4, 3] | locks []
2103210321032103210321032103210321032103 | target [2, 1, 0, 3, 2, 1, 0, 3] | held [0, 0, 0, 1, 0, 0, 4, 3] | locks []
3210321032103210321032103210321032103210 | target [3, 2, 1, 0, 3, 2, 1, 0] | held [1, 0, 0, 4, 1, 0, 0, 4] | locks []
2103210321032103210321032103210321032103 | target [2, 1, 0, 3, 2, 1, 0, 3] | held [0, 0, 0, 1, 0, 0, 4, 3] | locks []
1032103210321032103210321032103210321032 | target [1, 0, 3, 2, 1, 0, 3, 2] | held [2, 4, 1, 4, 0, 4, 3, 1] | locks []
2103210321032103210321032103210321032103 | target [2, 1, 0, 3, 2, 1, 0, 3] | held [0, 0, 0, 1, 0, 0, 4, 3] | locks []
1313131313131313131313131313131313131313 | target [1, 3, 1, 3, 1, 3, 1, 3] | held [1, 1, 1, 1, 1, 1, 1, 2] | locks []
2301230123012301230123012301230123012301 | target [2, 3, 0, 1, 2, 3, 0, 1] | held [0, 0, 1, 0, 0, 0, 0, 0] | locks []
1230123012301230123012301230123012301230 | target [1, 2, 3, 0, 1, 2, 3, 0] | held [0, 0, 0, 0, 0, 0, 1, 0] | locks []
3210321032103210321032103210321032103210 | target [3, 2, 1, 0, 3, 2, 1, 0] | held [1, 0, 0, 4, 1, 0, 0, 4] | locks []
1032103210321032103210321032103210321032 | target [1, 0, 3, 2, 1, 0, 3, 2] | held [2, 4, 1, 4, 0, 4, 3, 1] | locks []
2020202020202020202020202020202020202020 | target [2, 0, 2, 0, 2, 0, 2, 0] | held [0, 2, 0, 0, 0, 2, 0, 0] | locks []
2301230123012301230123012301230123012301 | target [2, 3, 0, 1, 2, 3, 0, 1] | held [0, 0, 1, 0, 0, 0, 0, 0] | locks []
1111111111111111111111111111111111111111 | target [1, 1, 1, 1, 1, 1, 1, 1] | held [3, 3, 3, 3, 3, 3, 3, 1] | locks []
2020202020202020202020202020202020202020 | target [2, 0, 2, 0, 2, 0, 2, 0] | held [0, 2, 0, 0, 0, 2, 0, 0] | locks []
1313131313131313131313131313131313131313 | target [1, 3, 1, 3, 1, 3, 1, 3] | held [1, 1, 1, 1, 1, 1, 1, 2] | locks []
3012301230123012301230123012301230123012 | target [3, 0, 1, 2, 3, 0, 1, 2] | held [0, 0, 0, 0, 0, 0, 0, 0] | locks []
0321032103210321032103210321032103210321 | target [0, 3, 2, 1, 0, 3, 2, 1] | held [4, 1, 4, 0, 4, 3, 4, 4] | locks []
1313131313131313131313131313131313131313 | target [1, 3, 1, 3, 1, 3, 1, 3] | held [1, 1, 1, 1, 1, 1, 1, 2] | locks []
3333333333333333333333333333333333333333 | target [3, 3, 3, 3, 3, 3, 3, 3] | released [3, 3, 3, 3, 3, 3, 3, 3] | locks [[4], [3], [5], [6], [7], [2], [1], [0]]
2020202020202020202020202020202020202020 | target [2, 0, 2, 0, 2, 0, 2, 0] | held [0, 2, 0, 0, 0, 2, 0, 0] | locks []
0321032103210321032103210321032103210321 | target [0, 3, 2, 1, 0, 3, 2, 1] | held [4, 1, 4, 0, 4, 3, 4, 4] | locks []
3131313131313131313131313131313131313131 | target [3, 1, 3, 1, 3, 1, 3, 1] | held [1, 1, 1, 1, 1, 1, 1, 2] | locks []
2103210321032103210321032103210321032103 | target [2, 1, 0, 3, 2, 1, 0, 3] | held [0, 0, 0, 1, 0, 0, 4, 3] | locks []
0123012301230123012301230123012301230123 | target [0, 1, 2, 3, 0, 1, 2, 3] | held [1, 0, 0, 1, 1, 0, 0, 1] | locks []
3333333333333333333333333333333333333333 | target [3, 3, 3, 3, 3, 3, 3, 3] | released [3, 3, 3, 3, 3, 3, 3, 3] | locks [[4], [3], [5], [6], [7], [2], [1], [0]]
3012301230123012301230123012301230123012 | target [3, 0, 1, 2, 3, 0, 1, 2] | held [0, 0, 0, 0, 0, 0, 0, 0] | locks []
1111111111111111111111111111111111111111 | target [1, 1, 1, 1, 1, 1, 1, 1] | held [3, 3, 3, 3, 3, 3, 3, 1] | locks []
3131313131313131313131313131313131313131 | target [3, 1, 3, 1, 3, 1, 3, 1] | held [1, 1, 1, 1, 1, 1, 1, 2] | locks []
2301230123012301230123012301230123012301 | target [2, 3, 0, 1, 2, 3, 0, 1] | held [0, 0, 1, 0, 0, 0, 0, 0] | locks []
2301230123012301230123012301230123012301 | target [2, 3, 0, 1, 2, 3, 0, 1] | held [0, 0, 1, 0, 0, 0, 0, 0] | locks []
3012301230123012301230123012301230123012 | target [3, 0, 1, 2, 3, 0, 1, 2] | held [0, 0, 0, 0, 0, 0, 0, 0] | locks []
3012301230123012301230123012301230123012 | target [3, 0, 1, 2, 3, 0, 1, 2] | held [0, 0, 0, 0, 0, 0, 0, 0] | locks []
1313131313131313131313131313131313131313 | target [1, 3, 1, 3, 1, 3, 1, 3] | held [1, 1, 1, 1, 1, 1, 1, 2] | locks []
2103210321032103210321032103210321032103 | target [2, 1, 0, 3, 2, 1, 0, 3] | held [0, 0, 0, 1, 0, 0, 4, 3] | locks []
1032103210321032103210321032103210321032 | target [1, 0, 3, 2, 1, 0, 3, 2] | held [2, 4, 1, 4, 0, 4, 3, 1] | locks []
2020202020202020202020202020202020202020 | target [2, 0, 2, 0, 2, 0, 2, 0] | held [0, 2, 0, 0, 0, 2, 0, 0] | locks []
3333333333333333333333333333333333333333 | target [3, 3, 3, 3, 3, 3, 3, 3] | released [3, 3, 3, 3, 3, 3, 3, 3] | locks [[4], [3], [5], [6], [7], [2], [1], [0]]
3131313131313131313131313131313131313131 | target [3, 1, 3, 1, 3, 1, 3, 1] | held [1, 1, 1, 1, 1, 1, 1, 2] | locks []
3333333333333333333333333333333333333333 | target [3, 3, 3, 3, 3, 3, 3, 3] | released [3, 3, 3, 3, 3, 3, 3, 3] | locks [[4], [3], [5], [6], [7], [2], [1], [0]]
1111111111111111111111111111111111111111 | target [1, 1, 1, 1, 1, 1, 1, 1] | held [3, 3, 3, 3, 3, 3, 3, 1] | locks []
2103210321032103210321032103210321032103 | target [2, 1, 0, 3, 2, 1, 0, 3] | held [0, 0, 0, 1, 0, 0, 4, 3] | locks []
3012301230123012301230123012301230123012 | target [3, 0, 1, 2, 3, 0, 1, 2] | held [0, 0, 0, 0, 0, 0, 0, 0] | locks []
3012301230123012301230123012301230123012 | target [3, 0, 1, 2, 3, 0, 1, 2] | held [0, 0, 0, 0, 0, 0, 0, 0] | locks []
3131313131313131313131313131313131313131 | target [3, 1, 3, 1, 3, 1, 3, 1] | held [1, 1, 1, 1, 1, 1, 1, 2] | locks []
1230123012301230123012301230123012301230 | target [1, 2, 3, 0, 1, 2, 3, 0] | held [0, 0, 0, 0, 0, 0, 1, 0] | locks []
2222222222222222222222222222222222222222 | target [2, 2, 2, 2, 2, 2, 2, 2] | held [0, 0, 0, 0, 0, 0, 0, 0] | locks []
2301230123012301230123012301230123012301 | target [2, 3, 0, 1, 2, 3, 0, 1] | held [0, 0, 1, 0, 0, 0, 0, 0] | locks []
1230123012301230123012301230123012301230 | target [1, 2, 3, 0, 1, 2, 3, 0] | held [0, 0, 0, 0, 0, 0, 1, 0] | locks []
0321032103210321032103210321032103210321 | target [0, 3, 2, 1, 0, 3, 2, 1] | held [4, 1, 4, 0, 4, 3, 4, 4] | locks []
2020202020202020202020202020202020202020 | target [2, 0, 2, 0, 2, 0, 2, 0] | held [0, 2, 0, 0, 0, 2, 0, 0] | locks []
0321032103210321032103210321032103210321 | target [0, 3, 2, 1, 0, 3, 2, 1] | held [4, 1, 4, 0, 4, 3, 4, 4] | locks []
2020202020202020202020202020202020202020 | target [2, 0, 2, 0, 2, 0, 2, 0] | held [0, 2, 0, 0, 0, 2, 0, 0] | locks []
0000000000000000000000000000000000000000 | target [0, 0, 0, 0, 0, 0, 0, 0] | held [0, 0, 0, 0, 0, 0, 0, 0] | locks []
0321032103210321032103210321032103210321 | target [0, 3, 2, 1, 0, 3, 2, 1] | held [4, 1, 4, 0, 4, 3, 4, 4] | locks []
3012301230123012301230123012301230123012 | target [3, 0, 1, 2, 3, 0, 1, 2] | held [0, 0, 0, 0, 0, 0, 0, 0] | locks []
3012301230123012301230123012301230123012 | target [3, 0, 1, 2, 3, 0, 1, 2] | held [0, 0, 0, 0, 0, 0, 0, 0] | locks []
3333333333333333333333333333333333333333 | target [3, 3, 3, 3, 3, 3, 3, 3] | released [3, 3, 3, 3, 3, 3, 3, 3] | locks [[4], [3], [5], [6], [7], [2], [1], [0]]
0000000000000000000000000000000000000000 | target [0, 0, 0, 0, 0, 0, 0, 0] | held [0, 0, 0, 0, 0, 0, 0, 0] | locks []
0202020202020202020202020202020202020202 | target [0, 2, 0, 2, 0, 2, 0, 2] | held [0, 0, 0, 0, 0, 0, 0, 0] | locks []
3333333333333333333333333333333333333333 | target [3, 3, 3, 3, 3, 3, 3, 3] | released [3, 3, 3, 3, 3, 3, 3, 3] | locks [[4], [3], [5], [6], [7], [2], [1], [0]]
2020202020202020202020202020202020202020 | target [2, 0, 2, 0, 2, 0, 2, 0] | held [0, 2, 0, 0, 0, 2, 0, 0] | locks []
2020202020202020202020202020202020202020 | target [2, 0, 2, 0, 2, 0, 2, 0] | held [0, 2, 0, 0, 0, 2, 0, 0] | locks []
0123012301230123012301230123012301230123 | target [0, 1, 2, 3, 0, 1, 2, 3] | held [1, 0, 0, 1, 1, 0, 0, 1] | locks []
3012301230123012301230123012301230123012 | target [3, 0, 1, 2, 3, 0, 1, 2] | held [0, 0, 0, 0, 0, 0, 0, 0] | locks []
3333333333333333333333333333333333333333 | target [3, 3, 3, 3, 3, 3, 3, 3] | released [3, 3, 3, 3, 3, 3, 3, 3] | locks [[4], [3], [5], [6], [7], [2], [1], [0]]
2301230123012301230123012301230123012301 | target [2, 3, 0, 1, 2, 3, 0, 1] | held [0, 0, 1, 0, 0, 0, 0, 0] | locks []
3210321032103210321032103210321032103210 | target [3, 2, 1, 0, 3, 2, 1, 0] | held [1, 0, 0, 4, 1, 0, 0, 4] | locks []
1230123012301230123012301230123012301230 | target [1, 2, 3, 0, 1, 2, 3, 0] | held [0, 0, 0, 0, 0, 0, 1, 0] | locks []
1111111111111111111111111111111111111111 | target [1, 1, 1, 1, 1, 1, 1, 1] | held [3, 3, 3, 3, 3, 3, 3, 1] | locks []
1032103210321032103210321032103210321032 | target [1, 0, 3, 2, 1, 0, 3, 2] | held [2, 4, 1, 4, 0, 4, 3, 1] | locks []
3012301230123012301230123012301230123012 | target [3, 0, 1, 2, 3, 0, 1, 2] | held [0, 0, 0, 0, 0, 0, 0, 0] | locks []
2103210321032103210321032103210321032103 | target [2, 1, 0, 3, 2, 1, 0, 3] | held [0, 0, 0, 1, 0, 0, 4, 3] | locks []
0123012301230123012301230123012301230123 | target [0, 1, 2, 3, 0, 1, 2, 3] | held [1, 0, 0, 1, 1, 0, 0, 1] | locks []
1230123012301230123012301230123012301230 | target [1, 2, 3, 0, 1, 2, 3, 0] | held [0, 0, 0, 0, 0, 0, 1, 0] | locks []
1313131313131313131313131313131313131313 | target [1, 3, 1, 3, 1, 3, 1, 3] | held [1, 1, 1, 1, 1, 1, 1, 2] | locks []
2301230123012301230123012301230123012301 | target [2, 3, 0, 1, 2, 3, 0, 1] | held [0, 0, 1, 0, 0, 0, 0, 0] | locks []
0321032103210321032103210321032103210321 | target [0, 3, 2, 1, 0, 3, 2, 1] | held [4, 1, 4, 0, 4, 3, 4, 4] | locks []
0123012301230123012301230123012301230123 | target [0, 1, 2, 3, 0, 1, 2, 3] | held [1, 0, 0, 1, 1, 0, 0, 1] | locks []
2301230123012301230123012301230123012301 | target [2, 3, 0, 1, 2, 3, 0, 1] | held [0, 0, 1, 0, 0, 0, 0, 0] | locks []
3210321032103210321032103210321032103210 | target [3, 2, 1, 0, 3, 2, 1, 0] | held [1, 0, 0, 4, 1, 0, 0, 4] | locks []
1111111111111111111111111111111111111111 | target [1, 1, 1, 1, 1, 1, 1, 1] | held [3, 3, 3, 3, 3, 3, 3, 1] | locks []
2020202020202020202020202020202020202020 | target [2, 0, 2, 0, 2, 0, 2, 0] | held [0, 2, 0, 0, 0, 2, 0, 0] | locks []
1032103210321032103210321032103210321032 | target [1, 0, 3, 2, 1, 0, 3, 2] | held [2, 4, 1, 4, 0, 4, 3, 1] | locks []
3131313131313131313131313131313131313131 | target [3, 1, 3, 1, 3, 1, 3, 1] | held [1, 1, 1, 1, 1, 1, 1, 2] | locks []
0321032103210321032103210321032103210321 | target [0, 3, 2, 1, 0, 3, 2, 1] | held [4, 1, 4, 0, 4, 3, 4, 4] | locks []
3210321032103210321032103210321032103210 | target [3, 2, 1, 0, 3, 2, 1, 0] | held [1, 0, 0, 4, 1, 0, 0, 4] | locks []
3333333333333333333333333333333333333333 | target [3, 3, 3, 3, 3, 3, 3, 3] | released [3, 3, 3, 3, 3, 3, 3, 3] | locks [[4], [3], [5], [6], [7], [2], [1], [0]]
0123012301230123012301230123012301230123 | target [0, 1, 2, 3, 0, 1, 2, 3] | held [1, 0, 0, 1, 1, 0, 0, 1] | locks []
0000000000000000000000000000000000000000 | target [0, 0, 0, 0, 0, 0, 0, 0] | held [0, 0, 0, 0, 0, 0, 0, 0] | locks []
1230123012301230123012301230123012301230 | target [1, 2, 3, 0, 1, 2, 3, 0] | held [0, 0, 0, 0, 0, 0, 1, 0] | locks []
0123012301230123012301230123012301230123 | target [0, 1, 2, 3, 0, 1, 2, 3] | held [1, 0, 0, 1, 1, 0, 0, 1] | locks []
3210321032103210321032103210321032103210 | target [3, 2, 1, 0, 3, 2, 1, 0] | held [1, 0, 0, 4, 1, 0, 0, 4] | locks []
1230123012301230123012301230123012301230 | target [1, 2, 3, 0, 1, 2, 3, 0] | held [0, 0, 0, 0, 0, 0, 1, 0] | locks []
0123012301230123012301230123012301230123 | target [0, 1, 2, 3, 0, 1, 2, 3] | held [1, 0, 0, 1, 1, 0, 0, 1] | locks []
0000000000000000000000000000000000000000 | target [0, 0, 0, 0, 0, 0, 0, 0] | held [0, 0, 0, 0, 0, 0, 0, 0] | locks []
1230123012301230123012301230123012301230 | target [1, 2, 3, 0, 1, 2, 3, 0] | held [0, 0, 0, 0, 0, 0, 1, 0] | locks []
3333333333333333333333333333333333333333 | target [3, 3, 3, 3, 3, 3, 3, 3] | released [3, 3, 3, 3, 3, 3, 3, 3] | locks [[4], [3], [5], [6], [7], [2], [1], [0]]
2103210321032103210321032103210321032103 | target [2, 1, 0, 3, 2, 1, 0, 3] | held [0, 0, 0, 1, 0, 0, 4, 3] | locks []
3012301230123012301230123012301230123012 | target [3, 0, 1, 2, 3, 0, 1, 2] | held [0, 0, 0, 0, 0, 0, 0, 0] | locks []
2020202020202020202020202020202020202020 | target [2, 0, 2, 0, 2, 0, 2, 0] | held [0, 2, 0, 0, 0, 2, 0, 0] | locks []
== executed-open on line, seed 2026093016
2222222222222222222222222222222222222222 | target [2, 2, 2, 2, 2, 2, 2, 2] | held [2, 2, 2, 2, 2, 2, 2, 2] | locks [[3], [2]]
0202020202020202020202020202020202020202 | target [0, 2, 0, 2, 0, 2, 0, 2] | released [2, 2, 2, 2, 2, 2, 2, 2] | locks [[6], [5], [2], [4], [3], [7], [1], [0]]
3210321032103210321032103210321032103210 | target [3, 2, 1, 0, 3, 2, 1, 0] | held [1, 3, 2, 2, 2, 0, 2, 2] | locks []
0123012301230123012301230123012301230123 | target [0, 1, 2, 3, 0, 1, 2, 3] | released [3, 3, 2, 2, 1, 2, 2, 2] | locks [[3], [2], [0], [7], [5], [4], [1], [6]]
1313131313131313131313131313131313131313 | target [1, 3, 1, 3, 1, 3, 1, 3] | released [3, 3, 1, 1, 2, 2, 2, 2] | locks [[5], [6], [7], [4], [2], [3], [0], [1]]
2103210321032103210321032103210321032103 | target [2, 1, 0, 3, 2, 1, 0, 3] | held [3, 2, 1, 2, 0, 2, 2, 2] | locks []
1313131313131313131313131313131313131313 | target [1, 3, 1, 3, 1, 3, 1, 3] | released [3, 3, 1, 1, 2, 2, 2, 2] | locks [[5], [6], [7], [4], [2], [3], [0], [1]]
3012301230123012301230123012301230123012 | target [3, 0, 1, 2, 3, 0, 1, 2] | held [2, 2, 2, 2, 2, 2, 2, 2] | locks [[1], [0], [3], [2]]
2301230123012301230123012301230123012301 | target [2, 3, 0, 1, 2, 3, 0, 1] | held [3, 2, 2, 2, 2, 2, 2, 2] | locks [[1], [2], [3], [0], [7], [4], [5]]
3131313131313131313131313131313131313131 | target [3, 1, 3, 1, 3, 1, 3, 1] | released [3, 3, 1, 1, 2, 2, 2, 2] | locks [[5], [6], [7], [4], [2], [3], [0], [1]]
1032103210321032103210321032103210321032 | target [1, 0, 3, 2, 1, 0, 3, 2] | held [3, 1, 1, 3, 2, 2, 2, 0] | locks []
0123012301230123012301230123012301230123 | target [0, 1, 2, 3, 0, 1, 2, 3] | released [3, 3, 2, 2, 1, 2, 2, 2] | locks [[3], [2], [0], [7], [5], [4], [1], [6]]
3131313131313131313131313131313131313131 | target [3, 1, 3, 1, 3, 1, 3, 1] | released [3, 3, 1, 1, 2, 2, 2, 2] | locks [[5], [6], [7], [4], [2], [3], [0], [1]]
3131313131313131313131313131313131313131 | target [3, 1, 3, 1, 3, 1, 3, 1] | released [3, 3, 1, 1, 2, 2, 2, 2] | locks [[5], [6], [7], [4], [2], [3], [0], [1]]
3131313131313131313131313131313131313131 | target [3, 1, 3, 1, 3, 1, 3, 1] | released [3, 3, 1, 1, 2, 2, 2, 2] | locks [[5], [6], [7], [4], [2], [3], [0], [1]]
0202020202020202020202020202020202020202 | target [0, 2, 0, 2, 0, 2, 0, 2] | released [2, 2, 2, 2, 2, 2, 2, 2] | locks [[6], [5], [2], [4], [3], [7], [1], [0]]
2222222222222222222222222222222222222222 | target [2, 2, 2, 2, 2, 2, 2, 2] | held [2, 2, 2, 2, 2, 2, 2, 2] | locks [[3], [2]]
3210321032103210321032103210321032103210 | target [3, 2, 1, 0, 3, 2, 1, 0] | held [1, 3, 2, 2, 2, 0, 2, 2] | locks []
1111111111111111111111111111111111111111 | target [1, 1, 1, 1, 1, 1, 1, 1] | released [1, 1, 1, 1, 1, 1, 1, 1] | locks [[0], [1], [2], [3], [4], [5], [6], [7]]
0202020202020202020202020202020202020202 | target [0, 2, 0, 2, 0, 2, 0, 2] | released [2, 2, 2, 2, 2, 2, 2, 2] | locks [[6], [5], [2], [4], [3], [7], [1], [0]]
1230123012301230123012301230123012301230 | target [1, 2, 3, 0, 1, 2, 3, 0] | held [3, 2, 2, 2, 2, 2, 2, 2] | locks []
1313131313131313131313131313131313131313 | target [1, 3, 1, 3, 1, 3, 1, 3] | released [3, 3, 1, 1, 2, 2, 2, 2] | locks [[5], [6], [7], [4], [2], [3], [0], [1]]
1230123012301230123012301230123012301230 | target [1, 2, 3, 0, 1, 2, 3, 0] | held [3, 2, 2, 2, 2, 2, 2, 2] | locks []
1230123012301230123012301230123012301230 | target [1, 2, 3, 0, 1, 2, 3, 0] | held [3, 2, 2, 2, 2, 2, 2, 2] | locks []
0123012301230123012301230123012301230123 | target [0, 1, 2, 3, 0, 1, 2, 3] | released [3, 3, 2, 2, 1, 2, 2, 2] | locks [[3], [2], [0], [7], [5], [4], [1], [6]]
2103210321032103210321032103210321032103 | target [2, 1, 0, 3, 2, 1, 0, 3] | held [3, 2, 1, 2, 0, 2, 2, 2] | locks []
2103210321032103210321032103210321032103 | target [2, 1, 0, 3, 2, 1, 0, 3] | held [3, 2, 1, 2, 0, 2, 2, 2] | locks []
2103210321032103210321032103210321032103 | target [2, 1, 0, 3, 2, 1, 0, 3] | held [3, 2, 1, 2, 0, 2, 2, 2] | locks []
2103210321032103210321032103210321032103 | target [2, 1, 0, 3, 2, 1, 0, 3] | held [3, 2, 1, 2, 0, 2, 2, 2] | locks []
3210321032103210321032103210321032103210 | target [3, 2, 1, 0, 3, 2, 1, 0] | held [1, 3, 2, 2, 2, 0, 2, 2] | locks []
2103210321032103210321032103210321032103 | target [2, 1, 0, 3, 2, 1, 0, 3] | held [3, 2, 1, 2, 0, 2, 2, 2] | locks []
1032103210321032103210321032103210321032 | target [1, 0, 3, 2, 1, 0, 3, 2] | held [3, 1, 1, 3, 2, 2, 2, 0] | locks []
2103210321032103210321032103210321032103 | target [2, 1, 0, 3, 2, 1, 0, 3] | held [3, 2, 1, 2, 0, 2, 2, 2] | locks []
1313131313131313131313131313131313131313 | target [1, 3, 1, 3, 1, 3, 1, 3] | released [3, 3, 1, 1, 2, 2, 2, 2] | locks [[5], [6], [7], [4], [2], [3], [0], [1]]
2301230123012301230123012301230123012301 | target [2, 3, 0, 1, 2, 3, 0, 1] | held [3, 2, 2, 2, 2, 2, 2, 2] | locks [[1], [2], [3], [0], [7], [4], [5]]
1230123012301230123012301230123012301230 | target [1, 2, 3, 0, 1, 2, 3, 0] | held [3, 2, 2, 2, 2, 2, 2, 2] | locks []
3210321032103210321032103210321032103210 | target [3, 2, 1, 0, 3, 2, 1, 0] | held [1, 3, 2, 2, 2, 0, 2, 2] | locks []
1032103210321032103210321032103210321032 | target [1, 0, 3, 2, 1, 0, 3, 2] | held [3, 1, 1, 3, 2, 2, 2, 0] | locks []
2020202020202020202020202020202020202020 | target [2, 0, 2, 0, 2, 0, 2, 0] | released [0, 2, 2, 2, 2, 2, 2, 2] | locks [[5], [4], [7], [6], [3], [2], [1], [0]]
2301230123012301230123012301230123012301 | target [2, 3, 0, 1, 2, 3, 0, 1] | held [3, 2, 2, 2, 2, 2, 2, 2] | locks [[1], [2], [3], [0], [7], [4], [5]]
1111111111111111111111111111111111111111 | target [1, 1, 1, 1, 1, 1, 1, 1] | released [1, 1, 1, 1, 1, 1, 1, 1] | locks [[0], [1], [2], [3], [4], [5], [6], [7]]
2020202020202020202020202020202020202020 | target [2, 0, 2, 0, 2, 0, 2, 0] | released [0, 2, 2, 2, 2, 2, 2, 2] | locks [[5], [4], [7], [6], [3], [2], [1], [0]]
1313131313131313131313131313131313131313 | target [1, 3, 1, 3, 1, 3, 1, 3] | released [3, 3, 1, 1, 2, 2, 2, 2] | locks [[5], [6], [7], [4], [2], [3], [0], [1]]
3012301230123012301230123012301230123012 | target [3, 0, 1, 2, 3, 0, 1, 2] | held [2, 2, 2, 2, 2, 2, 2, 2] | locks [[1], [0], [3], [2]]
0321032103210321032103210321032103210321 | target [0, 3, 2, 1, 0, 3, 2, 1] | held [1, 1, 3, 2, 2, 2, 0, 2] | locks []
1313131313131313131313131313131313131313 | target [1, 3, 1, 3, 1, 3, 1, 3] | released [3, 3, 1, 1, 2, 2, 2, 2] | locks [[5], [6], [7], [4], [2], [3], [0], [1]]
3333333333333333333333333333333333333333 | target [3, 3, 3, 3, 3, 3, 3, 3] | released [3, 3, 3, 3, 3, 3, 3, 3] | locks [[3], [4], [5], [6], [7], [2], [1], [0]]
2020202020202020202020202020202020202020 | target [2, 0, 2, 0, 2, 0, 2, 0] | released [0, 2, 2, 2, 2, 2, 2, 2] | locks [[5], [4], [7], [6], [3], [2], [1], [0]]
0321032103210321032103210321032103210321 | target [0, 3, 2, 1, 0, 3, 2, 1] | held [1, 1, 3, 2, 2, 2, 0, 2] | locks []
3131313131313131313131313131313131313131 | target [3, 1, 3, 1, 3, 1, 3, 1] | released [3, 3, 1, 1, 2, 2, 2, 2] | locks [[5], [6], [7], [4], [2], [3], [0], [1]]
2103210321032103210321032103210321032103 | target [2, 1, 0, 3, 2, 1, 0, 3] | held [3, 2, 1, 2, 0, 2, 2, 2] | locks []
0123012301230123012301230123012301230123 | target [0, 1, 2, 3, 0, 1, 2, 3] | released [3, 3, 2, 2, 1, 2, 2, 2] | locks [[3], [2], [0], [7], [5], [4], [1], [6]]
3333333333333333333333333333333333333333 | target [3, 3, 3, 3, 3, 3, 3, 3] | released [3, 3, 3, 3, 3, 3, 3, 3] | locks [[3], [4], [5], [6], [7], [2], [1], [0]]
3012301230123012301230123012301230123012 | target [3, 0, 1, 2, 3, 0, 1, 2] | held [2, 2, 2, 2, 2, 2, 2, 2] | locks [[1], [0], [3], [2]]
1111111111111111111111111111111111111111 | target [1, 1, 1, 1, 1, 1, 1, 1] | released [1, 1, 1, 1, 1, 1, 1, 1] | locks [[0], [1], [2], [3], [4], [5], [6], [7]]
3131313131313131313131313131313131313131 | target [3, 1, 3, 1, 3, 1, 3, 1] | released [3, 3, 1, 1, 2, 2, 2, 2] | locks [[5], [6], [7], [4], [2], [3], [0], [1]]
2301230123012301230123012301230123012301 | target [2, 3, 0, 1, 2, 3, 0, 1] | held [3, 2, 2, 2, 2, 2, 2, 2] | locks [[1], [2], [3], [0], [7], [4], [5]]
2301230123012301230123012301230123012301 | target [2, 3, 0, 1, 2, 3, 0, 1] | held [3, 2, 2, 2, 2, 2, 2, 2] | locks [[1], [2], [3], [0], [7], [4], [5]]
3012301230123012301230123012301230123012 | target [3, 0, 1, 2, 3, 0, 1, 2] | held [2, 2, 2, 2, 2, 2, 2, 2] | locks [[1], [0], [3], [2]]
3012301230123012301230123012301230123012 | target [3, 0, 1, 2, 3, 0, 1, 2] | held [2, 2, 2, 2, 2, 2, 2, 2] | locks [[1], [0], [3], [2]]
1313131313131313131313131313131313131313 | target [1, 3, 1, 3, 1, 3, 1, 3] | released [3, 3, 1, 1, 2, 2, 2, 2] | locks [[5], [6], [7], [4], [2], [3], [0], [1]]
2103210321032103210321032103210321032103 | target [2, 1, 0, 3, 2, 1, 0, 3] | held [3, 2, 1, 2, 0, 2, 2, 2] | locks []
1032103210321032103210321032103210321032 | target [1, 0, 3, 2, 1, 0, 3, 2] | held [3, 1, 1, 3, 2, 2, 2, 0] | locks []
2020202020202020202020202020202020202020 | target [2, 0, 2, 0, 2, 0, 2, 0] | released [0, 2, 2, 2, 2, 2, 2, 2] | locks [[5], [4], [7], [6], [3], [2], [1], [0]]
3333333333333333333333333333333333333333 | target [3, 3, 3, 3, 3, 3, 3, 3] | released [3, 3, 3, 3, 3, 3, 3, 3] | locks [[3], [4], [5], [6], [7], [2], [1], [0]]
3131313131313131313131313131313131313131 | target [3, 1, 3, 1, 3, 1, 3, 1] | released [3, 3, 1, 1, 2, 2, 2, 2] | locks [[5], [6], [7], [4], [2], [3], [0], [1]]
3333333333333333333333333333333333333333 | target [3, 3, 3, 3, 3, 3, 3, 3] | released [3, 3, 3, 3, 3, 3, 3, 3] | locks [[3], [4], [5], [6], [7], [2], [1], [0]]
1111111111111111111111111111111111111111 | target [1, 1, 1, 1, 1, 1, 1, 1] | released [1, 1, 1, 1, 1, 1, 1, 1] | locks [[0], [1], [2], [3], [4], [5], [6], [7]]
2103210321032103210321032103210321032103 | target [2, 1, 0, 3, 2, 1, 0, 3] | held [3, 2, 1, 2, 0, 2, 2, 2] | locks []
3012301230123012301230123012301230123012 | target [3, 0, 1, 2, 3, 0, 1, 2] | held [2, 2, 2, 2, 2, 2, 2, 2] | locks [[1], [0], [3], [2]]
3012301230123012301230123012301230123012 | target [3, 0, 1, 2, 3, 0, 1, 2] | held [2, 2, 2, 2, 2, 2, 2, 2] | locks [[1], [0], [3], [2]]
3131313131313131313131313131313131313131 | target [3, 1, 3, 1, 3, 1, 3, 1] | released [3, 3, 1, 1, 2, 2, 2, 2] | locks [[5], [6], [7], [4], [2], [3], [0], [1]]
1230123012301230123012301230123012301230 | target [1, 2, 3, 0, 1, 2, 3, 0] | held [3, 2, 2, 2, 2, 2, 2, 2] | locks []
2222222222222222222222222222222222222222 | target [2, 2, 2, 2, 2, 2, 2, 2] | held [2, 2, 2, 2, 2, 2, 2, 2] | locks [[3], [2]]
2301230123012301230123012301230123012301 | target [2, 3, 0, 1, 2, 3, 0, 1] | held [3, 2, 2, 2, 2, 2, 2, 2] | locks [[1], [2], [3], [0], [7], [4], [5]]
1230123012301230123012301230123012301230 | target [1, 2, 3, 0, 1, 2, 3, 0] | held [3, 2, 2, 2, 2, 2, 2, 2] | locks []
0321032103210321032103210321032103210321 | target [0, 3, 2, 1, 0, 3, 2, 1] | held [1, 1, 3, 2, 2, 2, 0, 2] | locks []
2020202020202020202020202020202020202020 | target [2, 0, 2, 0, 2, 0, 2, 0] | released [0, 2, 2, 2, 2, 2, 2, 2] | locks [[5], [4], [7], [6], [3], [2], [1], [0]]
0321032103210321032103210321032103210321 | target [0, 3, 2, 1, 0, 3, 2, 1] | held [1, 1, 3, 2, 2, 2, 0, 2] | locks []
2020202020202020202020202020202020202020 | target [2, 0, 2, 0, 2, 0, 2, 0] | released [0, 2, 2, 2, 2, 2, 2, 2] | locks [[5], [4], [7], [6], [3], [2], [1], [0]]
0000000000000000000000000000000000000000 | target [0, 0, 0, 0, 0, 0, 0, 0] | released [0, 0, 0, 2, 2, 2, 2, 2] | locks [[4], [7], [6], [3], [5], [0], [1], [2]]
0321032103210321032103210321032103210321 | target [0, 3, 2, 1, 0, 3, 2, 1] | held [1, 1, 3, 2, 2, 2, 0, 2] | locks []
3012301230123012301230123012301230123012 | target [3, 0, 1, 2, 3, 0, 1, 2] | held [2, 2, 2, 2, 2, 2, 2, 2] | locks [[1], [0], [3], [2]]
3012301230123012301230123012301230123012 | target [3, 0, 1, 2, 3, 0, 1, 2] | held [2, 2, 2, 2, 2, 2, 2, 2] | locks [[1], [0], [3], [2]]
3333333333333333333333333333333333333333 | target [3, 3, 3, 3, 3, 3, 3, 3] | released [3, 3, 3, 3, 3, 3, 3, 3] | locks [[3], [4], [5], [6], [7], [2], [1], [0]]
0000000000000000000000000000000000000000 | target [0, 0, 0, 0, 0, 0, 0, 0] | released [0, 0, 0, 2, 2, 2, 2, 2] | locks [[4], [7], [6], [3], [5], [0], [1], [2]]
0202020202020202020202020202020202020202 | target [0, 2, 0, 2, 0, 2, 0, 2] | released [2, 2, 2, 2, 2, 2, 2, 2] | locks [[6], [5], [2], [4], [3], [7], [1], [0]]
3333333333333333333333333333333333333333 | target [3, 3, 3, 3, 3, 3, 3, 3] | released [3, 3, 3, 3, 3, 3, 3, 3] | locks [[3], [4], [5], [6], [7], [2], [1], [0]]
2020202020202020202020202020202020202020 | target [2, 0, 2, 0, 2, 0, 2, 0] | released [0, 2, 2, 2, 2, 2, 2, 2] | locks [[5], [4], [7], [6], [3], [2], [1], [0]]
2020202020202020202020202020202020202020 | target [2, 0, 2, 0, 2, 0, 2, 0] | released [0, 2, 2, 2, 2, 2, 2, 2] | locks [[5], [4], [7], [6], [3], [2], [1], [0]]
0123012301230123012301230123012301230123 | target [0, 1, 2, 3, 0, 1, 2, 3] | released [3, 3, 2, 2, 1, 2, 2, 2] | locks [[3], [2], [0], [7], [5], [4], [1], [6]]
3012301230123012301230123012301230123012 | target [3, 0, 1, 2, 3, 0, 1, 2] | held [2, 2, 2, 2, 2, 2, 2, 2] | locks [[1], [0], [3], [2]]
3333333333333333333333333333333333333333 | target [3, 3, 3, 3, 3, 3, 3, 3] | released [3, 3, 3, 3, 3, 3, 3, 3] | locks [[3], [4], [5], [6], [7], [2], [1], [0]]
2301230123012301230123012301230123012301 | target [2, 3, 0, 1, 2, 3, 0, 1] | held [3, 2, 2, 2, 2, 2, 2, 2] | locks [[1], [2], [3], [0], [7], [4], [5]]
3210321032103210321032103210321032103210 | target [3, 2, 1, 0, 3, 2, 1, 0] | held [1, 3, 2, 2, 2, 0, 2, 2] | locks []
1230123012301230123012301230123012301230 | target [1, 2, 3, 0, 1, 2, 3, 0] | held [3, 2, 2, 2, 2, 2, 2, 2] | locks []
1111111111111111111111111111111111111111 | target [1, 1, 1, 1, 1, 1, 1, 1] | released [1, 1, 1, 1, 1, 1, 1, 1] | locks [[0], [1], [2], [3], [4], [5], [6], [7]]
1032103210321032103210321032103210321032 | target [1, 0, 3, 2, 1, 0, 3, 2] | held [3, 1, 1, 3, 2, 2, 2, 0] | locks []
3012301230123012301230123012301230123012 | target [3, 0, 1, 2, 3, 0, 1, 2] | held [2, 2, 2, 2, 2, 2, 2, 2] | locks [[1], [0], [3], [2]]
2103210321032103210321032103210321032103 | target [2, 1, 0, 3, 2, 1, 0, 3] | held [3, 2, 1, 2, 0, 2, 2, 2] | locks []
0123012301230123012301230123012301230123 | target [0, 1, 2, 3, 0, 1, 2, 3] | released [3, 3, 2, 2, 1, 2, 2, 2] | locks [[3], [2], [0], [7], [5], [4], [1], [6]]
1230123012301230123012301230123012301230 | target [1, 2, 3, 0, 1, 2, 3, 0] | held [3, 2, 2, 2, 2, 2, 2, 2] | locks []
1313131313131313131313131313131313131313 | target [1, 3, 1, 3, 1, 3, 1, 3] | released [3, 3, 1, 1, 2, 2, 2, 2] | locks [[5], [6], [7], [4], [2], [3], [0], [1]]
2301230123012301230123012301230123012301 | target [2, 3, 0, 1, 2, 3, 0, 1] | held [3, 2, 2, 2, 2, 2, 2, 2] | locks [[1], [2], [3], [0], [7], [4], [5]]
0321032103210321032103210321032103210321 | target [0, 3, 2, 1, 0, 3, 2, 1] | held [1, 1, 3, 2, 2, 2, 0, 2] | locks []
0123012301230123012301230123012301230123 | target [0, 1, 2, 3, 0, 1, 2, 3] | released [3, 3, 2, 2, 1, 2, 2, 2] | locks [[3], [2], [0], [7], [5], [4], [1], [6]]
2301230123012301230123012301230123012301 | target [2, 3, 0, 1, 2, 3, 0, 1] | held [3, 2, 2, 2, 2, 2, 2, 2] | locks [[1], [2], [3], [0], [7], [4], [5]]
3210321032103210321032103210321032103210 | target [3, 2, 1, 0, 3, 2, 1, 0] | held [1, 3, 2, 2, 2, 0, 2, 2] | locks []
1111111111111111111111111111111111111111 | target [1, 1, 1, 1, 1, 1, 1, 1] | released [1, 1, 1, 1, 1, 1, 1, 1] | locks [[0], [1], [2], [3], [4], [5], [6], [7]]
2020202020202020202020202020202020202020 | target [2, 0, 2, 0, 2, 0, 2, 0] | released [0, 2, 2, 2, 2, 2, 2, 2] | locks [[5], [4], [7], [6], [3], [2], [1], [0]]
1032103210321032103210321032103210321032 | target [1, 0, 3, 2, 1, 0, 3, 2] | held [3, 1, 1, 3, 2, 2, 2, 0] | locks []
3131313131313131313131313131313131313131 | target [3, 1, 3, 1, 3, 1, 3, 1] | released [3, 3, 1, 1, 2, 2, 2, 2] | locks [[5], [6], [7], [4], [2], [3], [0], [1]]
0321032103210321032103210321032103210321 | target [0, 3, 2, 1, 0, 3, 2, 1] | held [1, 1, 3, 2, 2, 2, 0, 2] | locks []
3210321032103210321032103210321032103210 | target [3, 2, 1, 0, 3, 2, 1, 0] | held [1, 3, 2, 2, 2, 0, 2, 2] | locks []
3333333333333333333333333333333333333333 | target [3, 3, 3, 3, 3, 3, 3, 3] | released [3, 3, 3, 3, 3, 3, 3, 3] | locks [[3], [4], [5], [6], [7], [2], [1], [0]]
0123012301230123012301230123012301230123 | target [0, 1, 2, 3, 0, 1, 2, 3] | released [3, 3, 2, 2, 1, 2, 2, 2] | locks [[3], [2], [0], [7], [5], [4], [1], [6]]
0000000000000000000000000000000000000000 | target [0, 0, 0, 0, 0, 0, 0, 0] | released [0, 0, 0, 2, 2, 2, 2, 2] | locks [[4], [7], [6], [3], [5], [0], [1], [2]]
1230123012301230123012301230123012301230 | target [1, 2, 3, 0, 1, 2, 3, 0] | held [3, 2, 2, 2, 2, 2, 2, 2] | locks []
0123012301230123012301230123012301230123 | target [0, 1, 2, 3, 0, 1, 2, 3] | released [3, 3, 2, 2, 1, 2, 2, 2] | locks [[3], [2], [0], [7], [5], [4], [1], [6]]
3210321032103210321032103210321032103210 | target [3, 2, 1, 0, 3, 2, 1, 0] | held [1, 3, 2, 2, 2, 0, 2, 2] | locks []
1230123012301230123012301230123012301230 | target [1, 2, 3, 0, 1, 2, 3, 0] | held [3, 2, 2, 2, 2, 2, 2, 2] | locks []
0123012301230123012301230123012301230123 | target [0, 1, 2, 3, 0, 1, 2, 3] | released [3, 3, 2, 2, 1, 2, 2, 2] | locks [[3], [2], [0], [7], [5], [4], [1], [6]]
0000000000000000000000000000000000000000 | target [0, 0, 0, 0, 0, 0, 0, 0] | released [0, 0, 0, 2, 2, 2, 2, 2] | locks [[4], [7], [6], [3], [5], [0], [1], [2]]
1230123012301230123012301230123012301230 | target [1, 2, 3, 0, 1, 2, 3, 0] | held [3, 2, 2, 2, 2, 2, 2, 2] | locks []
3333333333333333333333333333333333333333 | target [3, 3, 3, 3, 3, 3, 3, 3] | released [3, 3, 3, 3, 3, 3, 3, 3] | locks [[3], [4], [5], [6], [7], [2], [1], [0]]
2103210321032103210321032103210321032103 | target [2, 1, 0, 3, 2, 1, 0, 3] | held [3, 2, 1, 2, 0, 2, 2, 2] | locks []
3012301230123012301230123012301230123012 | target [3, 0, 1, 2, 3, 0, 1, 2] | held [2, 2, 2, 2, 2, 2, 2, 2] | locks [[1], [0], [3], [2]]
2020202020202020202020202020202020202020 | target [2, 0, 2, 0, 2, 0, 2, 0] | released [0, 2, 2, 2, 2, 2, 2, 2] | locks [[5], [4], [7], [6], [3], [2], [1], [0]]
