== opening on alternation, seed 2026093014
2323232323232323232323232323232323232323 | target [2, 3, 2, 3, 2, 3, 2, 3] | held [1, 1, 1, 1, 1, 1, 1, 1] | locks []
3131313131313131313131313131313131313131 | target [3, 1, 3, 1, 3, 1, 3, 1] | held [1, 1, 1, 1, 1, 1, 1, 2] | locks []
0202020202020202020202020202020202020202 | target [0, 2, 0, 2, 0, 2, 0, 2] | held [0, 0, 0, 0, 0, 0, 0, 0] | locks []
2121212121212121212121212121212121212121 | target [2, 1, 2, 1, 2, 1, 2, 1] | held [3, 3, 3, 3, 3, 3, 3, 3] | locks []
1313131313131313131313131313131313131313 | target [1, 3, 1, 3, 1, 3, 1, 3] | held [1, 1, 1, 1, 1, 1, 1, 2] | locks []
3131313131313131313131313131313131313131 | target [3, 1, 3, 1, 3, 1, 3, 1] | held [1, 1, 1, 1, 1, 1, 1, 2] | locks []
0202020202020202020202020202020202020202 | target [0, 2, 0, 2, 0, 2, 0, 2] | held [0, 0, 0, 0, 0, 0, 0, 0] | locks []
0101010101010101010101010101010101010101 | target [0, 1, 0, 1, 0, 1, 0, 1] | held [0, 2, 0, 2, 0, 2, 0, 2] | locks []
0202020202020202020202020202020202020202 | target [0, 2, 0, 2, 0, 2, 0, 2] | held [0, 0, 0, 0, 0, 0, 0, 0] | locks []
0101010101010101010101010101010101010101 | target [0, 1, 0, 1, 0, 1, 0, 1] | held [0, 2, 0, 2, 0, 2, 0, 2] | locks []
1010101010101010101010101010101010101010 | target [1, 0, 1, 0, 1, 0, 1, 0] | held [1, 0, 2, 0, 2, 0, 2, 0] | locks []
3333333333333333333333333333333333333333 | target [3, 3, 3, 3, 3, 3, 3, 3] | released [3, 3, 3, 3, 3, 3, 3, 3] | locks [[4], [3], [5], [6], [7], [2], [1], [0]]
3333333333333333333333333333333333333333 | target [3, 3, 3, 3, 3, 3, 3, 3] | released [3, 3, 3, 3, 3, 3, 3, 3] | locks [[4], [3], [5], [6], [7], [2], [1], [0]]
2323232323232323232323232323232323232323 | target [2, 3, 2, 3, 2, 3, 2, 3] | held [1, 1, 1, 1, 1, 1, 1, 1] | locks []
0303030303030303030303030303030303030303 | target [0, 3, 0, 3, 0, 3, 0, 3] | held [3, 3, 3, 3, 2, 2, 2, 2] | locks []
0000000000000000000000000000000000000000 | target [0, 0, 0, 0, 0, 0, 0, 0] | held [0, 0, 0, 0, 0, 0, 0, 0] | locks []
1212121212121212121212121212121212121212 | target [1, 2, 1, 2, 1, 2, 1, 2] | held [3, 3, 3, 3, 3, 3, 3, 3] | locks []
2121212121212121212121212121212121212121 | target [2, 1, 2, 1, 2, 1, 2, 1] | held [3, 3, 3, 3, 3, 3, 3, 3] | locks []
2020202020202020202020202020202020202020 | target [2, 0, 2, 0, 2, 0, 2, 0] | held [0, 2, 0, 0, 0, 2, 0, 0] | locks []
3333333333333333333333333333333333333333 | target [3, 3, 3, 3, 3, 3, 3, 3] | released [3, 3, 3, 3, 3, 3, 3, 3] | locks [[4], [3], [5], [6], [7], [2], [1], [0]]
0101010101010101010101010101010101010101 | target [0, 1, 0, 1, 0, 1, 0, 1] | held [0, 2, 0, 2, 0, 2, 0, 2] | locks []
2121212121212121212121212121212121212121 | target [2, 1, 2, 1, 2, 1, 2, 1] | held [3, 3, 3, 3, 3, 3, 3, 3] | locks []
1212121212121212121212121212121212121212 | target [1, 2, 1, 2, 1, 2, 1, 2] | held [3, 3, 3, 3, 3, 3, 3, 3] | locks []
1111111111111111111111111111111111111111 | target [1, 1, 1, 1, 1, 1, 1, 1] | held [3, 3, 3, 3, 3, 3, 3, 1] | locks []
0202020202020202020202020202020202020202 | target [0, 2, 0, 2, 0, 2, 0, 2] | held [0, 0, 0, 0, 0, 0, 0, 0] | locks []
1010101010101010101010101010101010101010 | target [1, 0, 1, 0, 1, 0, 1, 0] | held [1, 0, 2, 0, 2, 0, 2, 0] | locks []
1212121212121212121212121212121212121212 | target [1, 2, 1, 2, 1, 2, 1, 2] | held [3, 3, 3, 3, 3, 3, 3, 3] | locks []
3333333333333333333333333333333333333333 | target [3, 3, 3, 3, 3, 3, 3, 3] | released [3, 3, 3, 3, 3, 3, 3, 3] | locks [[4], [3], [5], [6], [7], [2], [1], [0]]
1313131313131313131313131313131313131313 | target [1, 3, 1, 3, 1, 3, 1, 3] | held [1, 1, 1, 1, 1, 1, 1, 2] | locks []
0303030303030303030303030303030303030303 | target [0, 3, 0, 3, 0, 3, 0, 3] | held [3, 3, 3, 3, 2, 2, 2, 2] | locks []
2222222222222222222222222222222222222222 | target [2, 2, 2, 2, 2, 2, 2, 2] | held [0, 0, 0, 0, 0, 0, 0, 0] | locks []
1212121212121212121212121212121212121212 | target [1, 2, 1, 2, 1, 2, 1, 2] | held [3, 3, 3, 3, 3, 3, 3, 3] | locks []
2020202020202020202020202020202020202020 | target [2, 0, 2, 0, 2, 0, 2, 0] | held [0, 2, 0, 0, 0, 2, 0, 0] | locks []
1212121212121212121212121212121212121212 | target [1, 2, 1, 2, 1, 2, 1, 2] | held [3, 3, 3, 3, 3, 3, 3, 3] | locks []
0000000000000000000000000000000000000000 | target [0, 0, 0, 0, 0, 0, 0, 0] | held [0, 0, 0, 0, 0, 0, 0, 0] | locks []
1313131313131313131313131313131313131313 | target [1, 3, 1, 3, 1, 3, 1, 3] | held [1, 1, 1, 1, 1, 1, 1, 2] | locks []
3030303030303030303030303030303030303030 | target [3, 0, 3, 0, 3, 0, 3, 0] | held [3, 3, 3, 3, 2, 2, 2, 2] | locks []
3030303030303030303030303030303030303030 | target [3, 0, 3, 0, 3, 0, 3, 0] | held [3, 3, 3, 3, 2, 2, 2, 2] | locks []
0202020202020202020202020202020202020202 | target [0, 2, 0, 2, 0, 2, 0, 2] | held [0, 0, 0, 0, 0, 0, 0, 0] | locks []
3030303030303030303030303030303030303030 | target [3, 0, 3, 0, 3, 0, 3, 0] | held [3, 3, 3, 3, 2, 2, 2, 2] | locks []
2020202020202020202020202020202020202020 | target [2, 0, 2, 0, 2, 0, 2, 0] | held [0, 2, 0, 0, 0, 2, 0, 0] | locks []
0303030303030303030303030303030303030303 | target [0, 3, 0, 3, 0, 3, 0, 3] | held [3, 3, 3, 3, 2, 2, 2, 2] | locks []
0303030303030303030303030303030303030303 | target [0, 3, 0, 3, 0, 3, 0, 3] | held [3, 3, 3, 3, 2, 2, 2, 2] | locks []
2121212121212121212121212121212121212121 | target [2, 1, 2, 1, 2, 1, 2, 1] | held [3, 3, 3, 3, 3, 3, 3, 3] | locks []
0303030303030303030303030303030303030303 | target [0, 3, 0, 3, 0, 3, 0, 3] | held [3, 3, 3, 3, 2, 2, 2, 2] | locks []
0000000000000000000000000000000000000000 | target [0, 0, 0, 0, 0, 0, 0, 0] | held [0, 0, 0, 0, 0, 0, 0, 0] | locks []
1313131313131313131313131313131313131313 | target [1, 3, 1, 3, 1, 3, 1, 3] | held [1, 1, 1, 1, 1, 1, 1, 2] | locks []
0101010101010101010101010101010101010101 | target [0, 1, 0, 1, 0, 1, 0, 1] | held [0, 2, 0, 2, 0, 2, 0, 2] | locks []
2222222222222222222222222222222222222222 | target [2, 2, 2, 2, 2, 2, 2, 2] | held [0, 0, 0, 0, 0, 0, 0, 0] | locks []
3131313131313131313131313131313131313131 | target [3, 1, 3, 1, 3, 1, 3, 1] | held [1, 1, 1, 1, 1, 1, 1, 2] | locks []
1010101010101010101010101010101010101010 | target [1, 0, 1, 0, 1, 0, 1, 0] | held [1, 0, 2, 0, 2, 0, 2, 0] | locks []
0000000000000000000000000000000000000000 | target [0, 0, 0, 0, 0, 0, 0, 0] | held [0, 0, 0, 0, 0, 0, 0, 0] | locks []
2323232323232323232323232323232323232323 | target [2, 3, 2, 3, 2, 3, 2, 3] | held [1, 1, 1, 1, 1, 1, 1, 1] | locks []
3232323232323232323232323232323232323232 | target [3, 2, 3, 2, 3, 2, 3, 2] | held [1, 1, 1, 1, 1, 1, 1, 1] | locks []
3333333333333333333333333333333333333333 | target [3, 3, 3, 3, 3, 3, 3, 3] | released [3, 3, 3, 3, 3, 3, 3, 3] | locks [[4], [3], [5], [6], [7], [2], [1], [0]]
1212121212121212121212121212121212121212 | target [1, 2, 1, 2, 1, 2, 1, 2] | held [3, 3, 3, 3, 3, 3, 3, 3] | locks []
2323232323232323232323232323232323232323 | target [2, 3, 2, 3, 2, 3, 2, 3] | held [1, 1, 1, 1, 1, 1, 1, 1] | locks []
2222222222222222222222222222222222222222 | target [2, 2, 2, 2, 2, 2, 2, 2] | held [0, 0, 0, 0, 0, 0, 0, 0] | locks []
0303030303030303030303030303030303030303 | target [0, 3, 0, 3, 0, 3, 0, 3] | held [3, 3, 3, 3, 2, 2, 2, 2] | locks []
2222222222222222222222222222222222222222 | target [2, 2, 2, 2, 2, 2, 2, 2] | held [0, 0, 0, 0, 0, 0, 0, 0] | locks []
1212121212121212121212121212121212121212 | target [1, 2, 1, 2, 1, 2, 1, 2] | held [3, 3, 3, 3, 3, 3, 3, 3] | locks []
0303030303030303030303030303030303030303 | target [0, 3, 0, 3, 0, 3, 0, 3] | held [3, 3, 3, 3, 2, 2, 2, 2] | locks []
2222222222222222222222222222222222222222 | target [2, 2, 2, 2, 2, 2, 2, 2] | held [0, 0, 0, 0, 0, 0, 0, 0] | locks []
0303030303030303030303030303030303030303 | target [0, 3, 0, 3, 0, 3, 0, 3] | held [3, 3, 3, 3, 2, 2, 2, 2] | locks []
1212121212121212121212121212121212121212 | target [1, 2, 1, 2, 1, 2, 1, 2] | held [3, 3, 3, 3, 3, 3, 3, 3] | locks []
3232323232323232323232323232323232323232 | target [3, 2, 3, 2, 3, 2, 3, 2] | held [1, 1, 1, 1, 1, 1, 1, 1] | locks []
2121212121212121212121212121212121212121 | target [2, 1, 2, 1, 2, 1, 2, 1] | held [3, 3, 3, 3, 3, 3, 3, 3] | locks []
3333333333333333333333333333333333333333 | target [3, 3, 3, 3, 3, 3, 3, 3] | released [3, 3, 3, 3, 3, 3, 3, 3] | locks [[4], [3], [5], [6], [7], [2], [1], [0]]
3333333333333333333333333333333333333333 | target [3, 3, 3, 3, 3, 3, 3, 3] | released [3, 3, 3, 3, 3, 3, 3, 3] | locks [[4], [3], [5], [6], [7], [2], [1], [0]]
2323232323232323232323232323232323232323 | target [2, 3, 2, 3, 2, 3, 2, 3] | held [1, 1, 1, 1, 1, 1, 1, 1] | locks []
3232323232323232323232323232323232323232 | target [3, 2, 3, 2, 3, 2, 3, 2] | held [1, 1, 1, 1, 1, 1, 1, 1] | locks []
3030303030303030303030303030303030303030 | target [3, 0, 3, 0, 3, 0, 3, 0] | held [3, 3, 3, 3, 2, 2, 2, 2] | locks []
3232323232323232323232323232323232323232 | target [3, 2, 3, 2, 3, 2, 3, 2] | held [1, 1, 1, 1, 1, 1, 1, 1] | locks []
0000000000000000000000000000000000000000 | target [0, 0, 0, 0, 0, 0, 0, 0] | held [0, 0, 0, 0, 0, 0, 0, 0] | locks []
0303030303030303030303030303030303030303 | target [0, 3, 0, 3, 0, 3, 0, 3] | held [3, 3, 3, 3, 2, 2, 2, 2] | locks []
0101010101010101010101010101010101010101 | target [0, 1, 0, 1, 0, 1, 0, 1] | held [0, 2, 0, 2, 0, 2, 0, 2] | locks []
2222222222222222222222222222222222222222 | target [2, 2, 2, 2, 2, 2, 2, 2] | held [0, 0, 0, 0, 0, 0, 0, 0] | locks []
2020202020202020202020202020202020202020 | target [2, 0, 2, 0, 2, 0, 2, 0] | held [0, 2, 0, 0, 0, 2, 0, 0] | locks []
0101010101010101010101010101010101010101 | target [0, 1, 0, 1, 0, 1, 0, 1] | held [0, 2, 0, 2, 0, 2, 0, 2] | locks []
3333333333333333333333333333333333333333 | target [3, 3, 3, 3, 3, 3, 3, 3] | released [3, 3, 3, 3, 3, 3, 3, 3] | locks [[4], [3], [5], [6], [7], [2], [1], [0]]
2222222222222222222222222222222222222222 | target [2, 2, 2, 2, 2, 2, 2, 2] | held [0, 0, 0, 0, 0, 0, 0, 0] | locks []
0000000000000000000000000000000000000000 | target [0, 0, 0, 0, 0, 0, 0, 0] | held [0, 0, 0, 0, 0, 0, 0, 0] | locks []
2020202020202020202020202020202020202020 | target [2, 0, 2, 0, 2, 0, 2, 0] | held [0, 2, 0, 0, 0, 2, 0, 0] | locks []
0101010101010101010101010101010101010101 | target [0, 1, 0, 1, 0, 1, 0, 1] | held [0, 2, 0, 2, 0, 2, 0, 2] | locks []
3030303030303030303030303030303030303030 | target [3, 0, 3, 0, 3, 0, 3, 0] | held [3, 3, 3, 3, 2, 2, 2, 2] | locks []
3333333333333333333333333333333333333333 | target [3, 3, 3, 3, 3, 3, 3, 3] | released [3, 3, 3, 3, 3, 3, 3, 3] | locks [[4], [3], [5], [6], [7], [2], [1], [0]]
2323232323232323232323232323232323232323 | target [2, 3, 2, 3, 2, 3, 2, 3] | held [1, 1, 1, 1, 1, 1, 1, 1] | locks []
1010101010101010101010101010101010101010 | target [1, 0, 1, 0, 1, 0, 1, 0] | held [1, 0, 2, 0, 2, 0, 2, 0] | locks []
3333333333333333333333333333333333333333 | target [3, 3, 3, 3, 3, 3, 3, 3] | released [3, 3, 3, 3, 3, 3, 3, 3] | locks [[4], [3], [5], [6], [7], [2], [1], [0]]
2121212121212121212121212121212121212121 | target [2, 1, 2, 1, 2, 1, 2, 1] | held [3, 3, 3, 3, 3, 3, 3, 3] | locks []
0000000000000000000000000000000000000000 | target [0, 0, 0, 0, 0, 0, 0, 0] | held [0, 0, 0, 0, 0, 0, 0, 0] | locks []
3030303030303030303030303030303030303030 | target [3, 0, 3, 0, 3, 0, 3, 0] | held [3, 3, 3, 3, 2, 2, 2, 2] | locks []
1212121212121212121212121212121212121212 | target [1, 2, 1, 2, 1, 2, 1, 2] | held [3, 3, 3, 3, 3, 3, 3, 3] | locks []
1212121212121212121212121212121212121212 | target [1, 2, 1, 2, 1, 2, 1, 2] | held [3, 3, 3, 3, 3, 3, 3, 3] | locks []
1313131313131313131313131313131313131313 | target [1, 3, 1, 3, 1, 3, 1, 3] | held [1, 1, 1, 1, 1, 1, 1, 2] | locks []
1010101010101010101010101010101010101010 | target [1, 0, 1, 0, 1, 0, 1, 0] | held [1, 0, 2, 0, 2, 0, 2, 0] | locks []
3131313131313131313131313131313131313131 | target [3, 1, 3, 1, 3, 1, 3, 1] | held [1, 1, 1, 1, 1, 1, 1, 2] | locks []
1010101010101010101010101010101010101010 | target [1, 0, 1, 0, 1, 0, 1, 0] | held [1, 0, 2, 0, 2, 0, 2, 0] | locks []
2020202020202020202020202020202020202020 | target [2, 0, 2, 0, 2, 0, 2, 0] | held [0, 2, 0, 0, 0, 2, 0, 0] | locks []
3232323232323232323232323232323232323232 | target [3, 2, 3, 2, 3, 2, 3, 2] | held [1, 1, 1, 1, 1, 1, 1, 1] | locks []
0202020202020202020202020202020202020202 | target [0, 2, 0, 2, 0, 2, 0, 2] | held [0, 0, 0, 0, 0, 0, 0, 0] | locks []
3333333333333333333333333333333333333333 | target [3, 3, 3, 3, 3, 3, 3, 3] | released [3, 3, 3, 3, 3, 3, 3, 3] | locks [[4], [3], [5], [6], [7], [2], [1], [0]]
2020202020202020202020202020202020202020 | target [2, 0, 2, 0, 2, 0, 2, 0] | held [0, 2, 0, 0, 0, 2, 0, 0] | locks []
2222222222222222222222222222222222222222 | target [2, 2, 2, 2, 2, 2, 2, 2] | held [0, 0, 0, 0, 0, 0, 0, 0] | locks []
3131313131313131313131313131313131313131 | target [3, 1, 3, 1, 3, 1, 3, 1] | held [1, 1, 1, 1, 1, 1, 1, 2] | locks []
0303030303030303030303030303030303030303 | target [0, 3, 0, 3, 0, 3, 0, 3] | held [3, 3, 3, 3, 2, 2, 2, 2] | locks []
0202020202020202020202020202020202020202 | target [0, 2, 0, 2, 0, 2, 0, 2] | held [0, 0, 0, 0, 0, 0, 0, 0] | locks []
2020202020202020202020202020202020202020 | target [2, 0, 2, 0, 2, 0, 2, 0] | held [0, 2, 0, 0, 0, 2, 0, 0] | locks []
2222222222222222222222222222222222222222 | target [2, 2, 2, 2, 2, 2, 2, 2] | held [0, 0, 0, 0, 0, 0, 0, 0] | locks []
3232323232323232323232323232323232323232 | target [3, 2, 3, 2, 3, 2, 3, 2] | held [1, 1, 1, 1, 1, 1, 1, 1] | locks []
2020202020202020202020202020202020202020 | target [2, 0, 2, 0, 2, 0, 2, 0] | held [0, 2, 0, 0, 0, 2, 0, 0] | locks []
3232323232323232323232323232323232323232 | target [3, 2, 3, 2, 3, 2, 3, 2] | held [1, 1, 1, 1, 1, 1, 1, 1] | locks []
2020202020202020202020202020202020202020 | target [2, 0, 2, 0, 2, 0, 2, 0] | held [0, 2, 0, 0, 0, 2, 0, 0] | locks []
2222222222222222222222222222222222222222 | target [2, 2, 2, 2, 2, 2, 2, 2] | held [0, 0, 0, 0, 0, 0, 0, 0] | locks []
1313131313131313131313131313131313131313 | target [1, 3, 1, 3, 1, 3, 1, 3] | held [1, 1, 1, 1, 1, 1, 1, 2] | locks []
2121212121212121212121212121212121212121 | target [2, 1, 2, 1, 2, 1, 2, 1] | held [3, 3, 3, 3, 3, 3, 3, 3] | locks []
0101010101010101010101010101010101010101 | target [0, 1, 0, 1, 0, 1, 0, 1] | held [0, 2, 0, 2, 0, 2, 0, 2] | locks []
1010101010101010101010101010101010101010 | target [1, 0, 1, 0, 1, 0, 1, 0] | held [1, 0, 2, 0, 2, 0, 2, 0] | locks []
3333333333333333333333333333333333333333 | target [3, 3, 3, 3, 3, 3, 3, 3] | released [3, 3, 3, 3, 3, 3, 3, 3] | locks [[4], [3], [5], [6], [7], [2], [1], [0]]
2121212121212121212121212121212121212121 | target [2, 1, 2, 1, 2, 1, 2, 1] | held [3, 3, 3, 3, 3, 3, 3, 3] | locks []
2020202020202020202020202020202020202020 | target [2, 0, 2, 0, 2, 0, 2, 0] | held [0, 2, 0, 0, 0, 2, 0, 0] | locks []
3131313131313131313131313131313131313131 | target [3, 1, 3, 1, 3, 1, 3, 1] | held [1, 1, 1, 1, 1, 1, 1, 2] | locks []
1313131313131313131313131313131313131313 | target [1, 3, 1, 3, 1, 3, 1, 3] | held [1, 1, 1, 1, 1, 1, 1, 2] | locks []
2020202020202020202020202020202020202020 | target [2, 0, 2, 0, 2, 0, 2, 0] | held [0, 2, 0, 0, 0, 2, 0, 0] | locks []
3232323232323232323232323232323232323232 | target [3, 2, 3, 2, 3, 2, 3, 2] | held [1, 1, 1, 1, 1, 1, 1, 1] | locks []
2020202020202020202020202020202020202020 | target [2, 0, 2, 0, 2, 0, 2, 0] | held [0, 2, 0, 0, 0, 2, 0, 0] | locks []
0101010101010101010101010101010101010101 | target [0, 1, 0, 1, 0, 1, 0, 1] | held [0, 2, 0, 2, 0, 2, 0, 2] | locks []
0303030303030303030303030303030303030303 | target [0, 3, 0, 3, 0, 3, 0, 3] | held [3, 3, 3, 3, 2, 2, 2, 2] | locks []
== executed-open on alternation, seed 2026093014
2323232323232323232323232323232323232323 | target [2, 3, 2, 3, 2, 3, 2, 3] | released [3, 0, 0, 0, 0, 0, 0, 0] | locks [[2], [3], [4], [5], [6], [1], [7], [0]]
3131313131313131313131313131313131313131 | target [3, 1, 3, 1, 3, 1, 3, 1] | released [0, 0, 0, 0, 0, 0, 1, 4] | locks [[1], [0], [2], [3], [4], [5], [6], [7]]
0202020202020202020202020202020202020202 | target [0, 2, 0, 2, 0, 2, 0, 2] | released [1, 0, 0, 1, 1, 0, 1, 1] | locks [[0], [3], [4], [6], [1], [2], [7], [5]]
2121212121212121212121212121212121212121 | target [2, 1, 2, 1, 2, 1, 2, 1] | held [2, 2, 2, 2, 2, 2, 2, 2] | locks []
1313131313131313131313131313131313131313 | target [1, 3, 1, 3, 1, 3, 1, 3] | released [0, 0, 0, 0, 0, 0, 0, 4] | locks [[0], [2], [3], [1], [4], [5], [7], [6]]
3131313131313131313131313131313131313131 | target [3, 1, 3, 1, 3, 1, 3, 1] | released [0, 0, 0, 0, 0, 0, 1, 4] | locks [[1], [0], [2], [3], [4], [5], [6], [7]]
0202020202020202020202020202020202020202 | target [0, 2, 0, 2, 0, 2, 0, 2] | released [1, 0, 0, 1, 1, 0, 1, 1] | locks [[0], [3], [4], [6], [1], [2], [7], [5]]
0101010101010101010101010101010101010101 | target [0, 1, 0, 1, 0, 1, 0, 1] | released [0, 0, 0, 0, 0, 4, 4, 4] | locks [[7], [0], [6], [1], [5], [2], [3], [4]]
0202020202020202020202020202020202020202 | target [0, 2, 0, 2, 0, 2, 0, 2] | released [1, 0, 0, 1, 1, 0, 1, 1] | locks [[0], [3], [4], [6], [1], [2], [7], [5]]
0101010101010101010101010101010101010101 | target [0, 1, 0, 1, 0, 1, 0, 1] | released [0, 0, 0, 0, 0, 4, 4, 4] | locks [[7], [0], [6], [1], [5], [2], [3], [4]]
1010101010101010101010101010101010101010 | target [1, 0, 1, 0, 1, 0, 1, 0] | released [0, 0, 0, 0, 0, 1, 4, 4] | locks [[7], [0], [6], [1], [3], [2], [5], [4]]
3333333333333333333333333333333333333333 | target [3, 3, 3, 3, 3, 3, 3, 3] | released [3, 3, 3, 3, 3, 3, 3, 3] | locks [[0], [5], [6], [4], [1], [7], [2], [3]]
3333333333333333333333333333333333333333 | target [3, 3, 3, 3, 3, 3, 3, 3] | released [3, 3, 3, 3, 3, 3, 3, 3] | locks [[0], [5], [6], [4], [1], [7], [2], [3]]
2323232323232323232323232323232323232323 | target [2, 3, 2, 3, 2, 3, 2, 3] | released [3, 0, 0, 0, 0, 0, 0, 0] | locks [[2], [3], [4], [5], [6], [1], [7], [0]]
0303030303030303030303030303030303030303 | target [0, 3, 0, 3, 0, 3, 0, 3] | released [0, 0, 0, 0, 0, 0, 0, 0] | locks [[4], [3], [2], [7], [1], [6], [5], [0]]
0000000000000000000000000000000000000000 | target [0, 0, 0, 0, 0, 0, 0, 0] | released [0, 0, 0, 0, 0, 0, 0, 0] | locks [[4], [3], [5], [2], [1], [0], [6], [7]]
1212121212121212121212121212121212121212 | target [1, 2, 1, 2, 1, 2, 1, 2] | held [2, 2, 2, 2, 2, 2, 2, 2] | locks []
2121212121212121212121212121212121212121 | target [2, 1, 2, 1, 2, 1, 2, 1] | held [2, 2, 2, 2, 2, 2, 2, 2] | locks []
2020202020202020202020202020202020202020 | target [2, 0, 2, 0, 2, 0, 2, 0] | released [0, 0, 1, 0, 1, 1, 1, 1] | locks [[2], [4], [5], [0], [3], [6], [1], [7]]
3333333333333333333333333333333333333333 | target [3, 3, 3, 3, 3, 3, 3, 3] | released [3, 3, 3, 3, 3, 3, 3, 3] | locks [[0], [5], [6], [4], [1], [7], [2], [3]]
0101010101010101010101010101010101010101 | target [0, 1, 0, 1, 0, 1, 0, 1] | released [0, 0, 0, 0, 0, 4, 4, 4] | locks [[7], [0], [6], [1], [5], [2], [3], [4]]
2121212121212121212121212121212121212121 | target [2, 1, 2, 1, 2, 1, 2, 1] | held [2, 2, 2, 2, 2, 2, 2, 2] | locks []
1212121212121212121212121212121212121212 | target [1, 2, 1, 2, 1, 2, 1, 2] | held [2, 2, 2, 2, 2, 2, 2, 2] | locks []
1111111111111111111111111111111111111111 | target [1, 1, 1, 1, 1, 1, 1, 1] | released [0, 0, 0, 0, 0, 0, 0, 0] | locks [[0], [1], [2], [3], [4], [5], [6], [7]]
0202020202020202020202020202020202020202 | target [0, 2, 0, 2, 0, 2, 0, 2] | released [1, 0, 0, 1, 1, 0, 1, 1] | locks [[0], [3], [4], [6], [1], [2], [7], [5]]
1010101010101010101010101010101010101010 | target [1, 0, 1, 0, 1, 0, 1, 0] | released [0, 0, 0, 0, 0, 1, 4, 4] | locks [[7], [0], [6], [1], [3], [2], [5], [4]]
1212121212121212121212121212121212121212 | target [1, 2, 1, 2, 1, 2, 1, 2] | held [2, 2, 2, 2, 2, 2, 2, 2] | locks []
3333333333333333333333333333333333333333 | target [3, 3, 3, 3, 3, 3, 3, 3] | released [3, 3, 3, 3, 3, 3, 3, 3] | locks [[0], [5], [6], [4], [1], [7], [2], [3]]
1313131313131313131313131313131313131313 | target [1, 3, 1, 3, 1, 3, 1, 3] | released [0, 0, 0, 0, 0, 0, 0, 4] | locks [[0], [2], [3], [1], [4], [5], [7], [6]]
0303030303030303030303030303030303030303 | target [0, 3, 0, 3, 0, 3, 0, 3] | released [0, 0, 0, 0, 0, 0, 0, 0] | locks [[4], [3], [2], [7], [1], [6], [5], [0]]
2222222222222222222222222222222222222222 | target [2, 2, 2, 2, 2, 2, 2, 2] | held [0, 0, 0, 0, 0, 0, 0, 0] | locks []
1212121212121212121212121212121212121212 | target [1, 2, 1, 2, 1, 2, 1, 2] | held [2, 2, 2, 2, 2, 2, 2, 2] | locks []
2020202020202020202020202020202020202020 | target [2, 0, 2, 0, 2, 0, 2, 0] | released [0, 0, 1, 0, 1, 1, 1, 1] | locks [[2], [4], [5], [0], [3], [6], [1], [7]]
1212121212121212121212121212121212121212 | target [1, 2, 1, 2, 1, 2, 1, 2] | held [2, 2, 2, 2, 2, 2, 2, 2] | locks []
0000000000000000000000000000000000000000 | target [0, 0, 0, 0, 0, 0, 0, 0] | released [0, 0, 0, 0, 0, 0, 0, 0] | locks [[4], [3], [5], [2], [1], [0], [6], [7]]
1313131313131313131313131313131313131313 | target [1, 3, 1, 3, 1, 3, 1, 3] | released [0, 0, 0, 0, 0, 0, 0, 4] | locks [[0], [2], [3], [1], [4], [5], [7], [6]]
3030303030303030303030303030303030303030 | target [3, 0, 3, 0, 3, 0, 3, 0] | released [0, 0, 0, 0, 0, 0, 0, 0] | locks [[5], [4], [6], [0], [1], [7], [2], [3]]
3030303030303030303030303030303030303030 | target [3, 0, 3, 0, 3, 0, 3, 0] | released [0, 0, 0, 0, 0, 0, 0, 0] | locks [[5], [4], [6], [0], [1], [7], [2], [3]]
0202020202020202020202020202020202020202 | target [0, 2, 0, 2, 0, 2, 0, 2] | released [1, 0, 0, 1, 1, 0, 1, 1] | locks [[0], [3], [4], [6], [1], [2], [7], [5]]
3030303030303030303030303030303030303030 | target [3, 0, 3, 0, 3, 0, 3, 0] | released [0, 0, 0, 0, 0, 0, 0, 0] | locks [[5], [4], [6], [0], [1], [7], [2], [3]]
2020202020202020202020202020202020202020 | target [2, 0, 2, 0, 2, 0, 2, 0] | released [0, 0, 1, 0, 1, 1, 1, 1] | locks [[2], [4], [5], [0], [3], [6], [1], [7]]
0303030303030303030303030303030303030303 | target [0, 3, 0, 3, 0, 3, 0, 3] | released [0, 0, 0, 0, 0, 0, 0, 0] | locks [[4], [3], [2], [7], [1], [6], [5], [0]]
0303030303030303030303030303030303030303 | target [0, 3, 0, 3, 0, 3, 0, 3] | released [0, 0, 0, 0, 0, 0, 0, 0] | locks [[4], [3], [2], [7], [1], [6], [5], [0]]
2121212121212121212121212121212121212121 | target [2, 1, 2, 1, 2, 1, 2, 1] | held [2, 2, 2, 2, 2, 2, 2, 2] | locks []
0303030303030303030303030303030303030303 | target [0, 3, 0, 3, 0, 3, 0, 3] | released [0, 0, 0, 0, 0, 0, 0, 0] | locks [[4], [3], [2], [7], [1], [6], [5], [0]]
0000000000000000000000000000000000000000 | target [0, 0, 0, 0, 0, 0, 0, 0] | released [0, 0, 0, 0, 0, 0, 0, 0] | locks [[4], [3], [5], [2], [1], [0], [6], [7]]
1313131313131313131313131313131313131313 | target [1, 3, 1, 3, 1, 3, 1, 3] | released [0, 0, 0, 0, 0, 0, 0, 4] | locks [[0], [2], [3], [1], [4], [5], [7], [6]]
0101010101010101010101010101010101010101 | target [0, 1, 0, 1, 0, 1, 0, 1] | released [0, 0, 0, 0, 0, 4, 4, 4] | locks [[7], [0], [6], [1], [5], [2], [3], [4]]
2222222222222222222222222222222222222222 | target [2, 2, 2, 2, 2, 2, 2, 2] | held [0, 0, 0, 0, 0, 0, 0, 0] | locks []
3131313131313131313131313131313131313131 | target [3, 1, 3, 1, 3, 1, 3, 1] | released [0, 0, 0, 0, 0, 0, 1, 4] | locks [[1], [0], [2], [3], [4], [5], [6], [7]]
1010101010101010101010101010101010101010 | target [1, 0, 1, 0, 1, 0, 1, 0] | released [0, 0, 0, 0, 0, 1, 4, 4] | locks [[7], [0], [6], [1], [3], [2], [5], [4]]
0000000000000000000000000000000000000000 | target [0, 0, 0, 0, 0, 0, 0, 0] | released [0, 0, 0, 0, 0, 0, 0, 0] | locks [[4], [3], [5], [2], [1], [0], [6], [7]]
2323232323232323232323232323232323232323 | target [2, 3, 2, 3, 2, 3, 2, 3] | released [3, 0, 0, 0, 0, 0, 0, 0] | locks [[2], [3], [4], [5], [6], [1], [7], [0]]
3232323232323232323232323232323232323232 | target [3, 2, 3, 2, 3, 2, 3, 2] | released [0, 0, 0, 0, 0, 0, 0, 0] | locks [[2], [3], [4], [1], [5], [6], [7], [0]]
3333333333333333333333333333333333333333 | target [3, 3, 3, 3, 3, 3, 3, 3] | released [3, 3, 3, 3, 3, 3, 3, 3] | locks [[0], [5], [6], [4], [1], [7], [2], [3]]
1212121212121212121212121212121212121212 | target [1, 2, 1, 2, 1, 2, 1, 2] | held [2, 2, 2, 2, 2, 2, 2, 2] | locks []
2323232323232323232323232323232323232323 | target [2, 3, 2, 3, 2, 3, 2, 3] | released [3, 0, 0, 0, 0, 0, 0, 0] | locks [[2], [3], [4], [5], [6], [1], [7], [0]]
2222222222222222222222222222222222222222 | target [2, 2, 2, 2, 2, 2, 2, 2] | held [0, 0, 0, 0, 0, 0, 0, 0] | locks []
0303030303030303030303030303030303030303 | target [0, 3, 0, 3, 0, 3, 0, 3] | released [0, 0, 0, 0, 0, 0, 0, 0] | locks [[4], [3], [2], [7], [1], [6], [5], [0]]
2222222222222222222222222222222222222222 | target [2, 2, 2, 2, 2, 2, 2, 2] | held [0, 0, 0, 0, 0, 0, 0, 0] | locks []
1212121212121212121212121212121212121212 | target [1, 2, 1, 2, 1, 2, 1, 2] | held [2, 2, 2, 2, 2, 2, 2, 2] | locks []
0303030303030303030303030303030303030303 | target [0, 3, 0, 3, 0, 3, 0, 3] | released [0, 0, 0, 0, 0, 0, 0, 0] | locks [[4], [3], [2], [7], [1], [6], [5], [0]]
2222222222222222222222222222222222222222 | target [2, 2, 2, 2, 2, 2, 2, 2] | held [0, 0, 0, 0, 0, 0, 0, 0] | locks []
0303030303030303030303030303030303030303 | target [0, 3, 0, 3, 0, 3, 0, 3] | released [0, 0, 0, 0, 0, 0, 0, 0] | locks [[4], [3], [2], [7], [1], [6], [5], [0]]
1212121212121212121212121212121212121212 | target [1, 2, 1, 2, 1, 2, 1, 2] | held [2, 2, 2, 2, 2, 2, 2, 2] | locks []
3232323232323232323232323232323232323232 | target [3, 2, 3, 2, 3, 2, 3, 2] | released [0, 0, 0, 0, 0, 0, 0, 0] | locks [[2], [3], [4], [1], [5], [6], [7], [0]]
2121212121212121212121212121212121212121 | target [2, 1, 2, 1, 2, 1, 2, 1] | held [2, 2, 2, 2, 2, 2, 2, 2] | locks []
3333333333333333333333333333333333333333 | target [3, 3, 3, 3, 3, 3, 3, 3] | released [3, 3, 3, 3, 3, 3, 3, 3] | locks [[0], [5], [6], [4], [1], [7], [2], [3]]
3333333333333333333333333333333333333333 | target [3, 3, 3, 3, 3, 3, 3, 3] | released [3, 3, 3, 3, 3, 3, 3, 3] | locks [[0], [5], [6], [4], [1], [7], [2], [3]]
2323232323232323232323232323232323232323 | target [2, 3, 2, 3, 2, 3, 2, 3] | released [3, 0, 0, 0, 0, 0, 0, 0] | locks [[2], [3], [4], [5], [6], [1], [7], [0]]
3232323232323232323232323232323232323232 | target [3, 2, 3, 2, 3, 2, 3, 2] | released [0, 0, 0, 0, 0, 0, 0, 0] | locks [[2], [3], [4], [1], [5], [6], [7], [0]]
3030303030303030303030303030303030303030 | target [3, 0, 3, 0, 3, 0, 3, 0] | released [0, 0, 0, 0, 0, 0, 0, 0] | locks [[5], [4], [6], [0], [1], [7], [2], [3]]
3232323232323232323232323232323232323232 | target [3, 2, 3, 2, 3, 2, 3, 2] | released [0, 0, 0, 0, 0, 0, 0, 0] | locks [[2], [3], [4], [1], [5], [6], [7], [0]]
0000000000000000000000000000000000000000 | target [0, 0, 0, 0, 0, 0, 0, 0] | released [0, 0, 0, 0, 0, 0, 0, 0] | locks [[4], [3], [5], [2], [1], [0], [6], [7]]
0303030303030303030303030303030303030303 | target [0, 3, 0, 3, 0, 3, 0, 3] | released [0, 0, 0, 0, 0, 0, 0, 0] | locks [[4], [3], [2], [7], [1], [6], [5], [0]]
0101010101010101010101010101010101010101 | target [0, 1, 0, 1, 0, 1, 0, 1] | released [0, 0, 0, 0, 0, 4, 4, 4] | locks [[7], [0], [6], [1], [5], [2], [3], [4]]
2222222222222222222222222222222222222222 | target [2, 2, 2, 2, 2, 2, 2, 2] | held [0, 0, 0, 0, 0, 0, 0, 0] | locks []
2020202020202020202020202020202020202020 | target [2, 0, 2, 0, 2, 0, 2, 0] | released [0, 0, 1, 0, 1, 1, 1, 1] | locks [[2], [4], [5], [0], [3], [6], [1], [7]]
0101010101010101010101010101010101010101 | target [0, 1, 0, 1, 0, 1, 0, 1] | released [0, 0, 0, 0, 0, 4, 4, 4] | locks [[7], [0], [6], [1], [5], [2], [3], [4]]
3333333333333333333333333333333333333333 | target [3, 3, 3, 3, 3, 3, 3, 3] | released [3, 3, 3, 3, 3, 3, 3, 3] | locks [[0], [5], [6], [4], [1], [7], [2], [3]]
2222222222222222222222222222222222222222 | target [2, 2, 2, 2, 2, 2, 2, 2] | held [0, 0, 0, 0, 0, 0, 0, 0] | locks []
0000000000000000000000000000000000000000 | target [0, 0, 0, 0, 0, 0, 0, 0] | released [0, 0, 0, 0, 0, 0, 0, 0] | locks [[4], [3], [5], [2], [1], [0], [6], [7]]
2020202020202020202020202020202020202020 | target [2, 0, 2, 0, 2, 0, 2, 0] | released [0, 0, 1, 0, 1, 1, 1, 1] | locks [[2], [4], [5], [0], [3], [6], [1], [7]]
0101010101010101010101010101010101010101 | target [0, 1, 0, 1, 0, 1, 0, 1] | released [0, 0, 0, 0, 0, 4, 4, 4] | locks [[7], [0], [6], [1], [5], [2], [3], [4]]
3030303030303030303030303030303030303030 | target [3, 0, 3, 0, 3, 0, 3, 0] | released [0, 0, 0, 0, 0, 0, 0, 0] | locks [[5], [4], [6], [0], [1], [7], [2], [3]]
3333333333333333333333333333333333333333 | target [3, 3, 3, 3, 3, 3, 3, 3] | released [3, 3, 3, 3, 3, 3, 3, 3] | locks [[0], [5], [6], [4], [1], [7], [2], [3]]
2323232323232323232323232323232323232323 | target [2, 3, 2, 3, 2, 3, 2, 3] | released [3, 0, 0, 0, 0, 0, 0, 0] | locks [[2], [3], [4], [5], [6], [1], [7], [0]]
1010101010101010101010101010101010101010 | target [1, 0, 1, 0, 1, 0, 1, 0] | released [0, 0, 0, 0, 0, 1, 4, 4] | locks [[7], [0], [6], [1], [3], [2], [5], [4]]
3333333333333333333333333333333333333333 | target [3, 3, 3, 3, 3, 3, 3, 3] | released [3, 3, 3, 3, 3, 3, 3, 3] | locks [[0], [5], [6], [4], [1], [7], [2], [3]]
2121212121212121212121212121212121212121 | target [2, 1, 2, 1, 2, 1, 2, 1] | held [2, 2, 2, 2, 2, 2, 2, 2] | locks []
0000000000000000000000000000000000000000 | target [0, 0, 0, 0, 0, 0, 0, 0] | released [0, 0, 0, 0, 0, 0, 0, 0] | locks [[4], [3], [5], [2], [1], [0], [6], [7]]
3030303030303030303030303030303030303030 | target [3, 0, 3, 0, 3, 0, 3, 0] | released [0, 0, 0, 0, 0, 0, 0, 0] | locks [[5], [4], [6], [0], [1], [7], [2], [3]]
1212121212121212121212121212121212121212 | target [1, 2, 1, 2, 1, 2, 1, 2] | held [2, 2, 2, 2, 2, 2, 2, 2] | locks []
1212121212121212121212121212121212121212 | target [1, 2, 1, 2, 1, 2, 1, 2] | held [2, 2, 2, 2, 2, 2, 2, 2] | locks []
1313131313131313131313131313131313131313 | target [1, 3, 1, 3, 1, 3, 1, 3] | released [0, 0, 0, 0, 0, 0, 0, 4] | locks [[0], [2], [3], [1], [4], [5], [7], [6]]
1010101010101010101010101010101010101010 | target [1, 0, 1, 0, 1, 0, 1, 0] | released [0, 0, 0, 0, 0, 1, 4, 4] | locks [[7], [0], [6], [1], [3], [2], [5], [4]]
3131313131313131313131313131313131313131 | target [3, 1, 3, 1, 3, 1, 3, 1] | released [0, 0, 0, 0, 0, 0, 1, 4] | locks [[1], [0], [2], [3], [4], [5], [6], [7]]
1010101010101010101010101010101010101010 | target [1, 0, 1, 0, 1, 0, 1, 0] | released [0, 0, 0, 0, 0, 1, 4, 4] | locks [[7], [0], [6], [1], [3], [2], [5], [4]]
2020202020202020202020202020202020202020 | target [2, 0, 2, 0, 2, 0, 2, 0] | released [0, 0, 1, 0, 1, 1, 1, 1] | locks [[2], [4], [5], [0], [3], [6], [1], [7]]
3232323232323232323232323232323232323232 | target [3, 2, 3, 2, 3, 2, 3, 2] | released [0, 0, 0, 0, 0, 0, 0, 0] | locks [[2], [3], [4], [1], [5], [6], [7], [0]]
0202020202020202020202020202020202020202 | target [0, 2, 0, 2, 0, 2, 0, 2] | released [1, 0, 0, 1, 1, 0, 1, 1] | locks [[0], [3], [4], [6], [1], [2], [7], [5]]
3333333333333333333333333333333333333333 | target [3, 3, 3, 3, 3, 3, 3, 3] | released [3, 3, 3, 3, 3, 3, 3, 3] | locks [[0], [5], [6], [4], [1], [7], [2], [3]]
2020202020202020202020202020202020202020 | target [2, 0, 2, 0, 2, 0, 2, 0] | released [0, 0, 1, 0, 1, 1, 1, 1] | locks [[2], [4], [5], [0], [3], [6], [1], [7]]
2222222222222222222222222222222222222222 | target [2, 2, 2, 2, 2, 2, 2, 2] | held [0, 0, 0, 0, 0, 0, 0, 0] | locks []
3131313131313131313131313131313131313131 | target [3, 1, 3, 1, 3, 1, 3, 1] | released [0, 0, 0, 0, 0, 0, 1, 4] | locks [[1], [0], [2], [3], [4], [5], [6], [7]]
0303030303030303030303030303030303030303 | target [0, 3, 0, 3, 0, 3, 0, 3] | released [0, 0, 0, 0, 0, 0, 0, 0] | locks [[4], [3], [2], [7], [1], [6], [5], [0]]
0202020202020202020202020202020202020202 | target [0, 2, 0, 2, 0, 2, 0, 2] | released [1, 0, 0, 1, 1, 0, 1, 1] | locks [[0], [3], [4], [6], [1], [2], [7], [5]]
2020202020202020202020202020202020202020 | target [2, 0, 2, 0, 2, 0, 2, 0] | released [0, 0, 1, 0, 1, 1, 1, 1] | locks [[2], [4], [5], [0], [3], [6], [1], [7]]
2222222222222222222222222222222222222222 | target [2, 2, 2, 2, 2, 2, 2, 2] | held [0, 0, 0, 0, 0, 0, 0, 0] | locks []
3232323232323232323232323232323232323232 | target [3, 2, 3, 2, 3, 2, 3, 2] | released [0, 0, 0, 0, 0, 0, 0, 0] | locks [[2], [3], [4], [1], [5], [6], [7], [0]]
2020202020202020202020202020202020202020 | target [2, 0, 2, 0, 2, 0, 2, 0] | released [0, 0, 1, 0, 1, 1, 1, 1] | locks [[2], [4], [5], [0], [3], [6], [1], [7]]
3232323232323232323232323232323232323232 | target [3, 2, 3, 2, 3, 2, 3, 2] | released [0, 0, 0, 0, 0, 0, 0, 0] | locks [[2], [3], [4], [1], [5], [6], [7], [0]]
2020202020202020202020202020202020202020 | target [2, 0, 2, 0, 2, 0, 2, 0] | released [0, 0, 1, 0, 1, 1, 1, 1] | locks [[2], [4], [5], [0], [3], [6], [1], [7]]
2222222222222222222222222222222222222222 | target [2, 2, 2, 2, 2, 2, 2, 2] | held [0, 0, 0, 0, 0, 0, 0, 0] | locks []
1313131313131313131313131313131313131313 | target [1, 3, 1, 3, 1, 3, 1, 3] | released [0, 0, 0, 0, 0, 0, 0, 4] | locks [[0], [2], [3], [1], [4], [5], [7], [6]]
2121212121212121212121212121212121212121 | target [2, 1, 2, 1, 2, 1, 2, 1] | held [2, 2, 2, 2, 2, 2, 2, 2] | locks []
0101010101010101010101010101010101010101 | target [0, 1, 0, 1, 0, 1, 0, 1] | released [0, 0, 0, 0, 0, 4, 4, 4] | locks [[7], [0], [6], [1], [5], [2], [3], [4]]
1010101010101010101010101010101010101010 | target [1, 0, 1, 0, 1, 0, 1, 0] | released [0, 0, 0, 0, 0, 1, 4, 4] | locks [[7], [0], [6], [1], [3], [2], [5], [4]]
3333333333333333333333333333333333333333 | target [3, 3, 3, 3, 3, 3, 3, 3] | released [3, 3, 3, 3, 3, 3, 3, 3] | locks [[0], [5], [6], [4], [1], [7], [2], [3]]
2121212121212121212121212121212121212121 | target [2, 1, 2, 1, 2, 1, 2, 1] | held [2, 2, 2, 2, 2, 2, 2, 2] | locks []
2020202020202020202020202020202020202020 | target [2, 0, 2, 0, 2, 0, 2, 0] | released [0, 0, 1, 0, 1, 1, 1, 1] | locks [[2], [4], [5], [0], [3], [6], [1], [7]]
3131313131313131313131313131313131313131 | target [3, 1, 3, 1, 3, 1, 3, 1] | released [0, 0, 0, 0, 0, 0, 1, 4] | locks [[1], [0], [2], [3], [4], [5], [6], [7]]
1313131313131313131313131313131313131313 | target [1, 3, 1, 3, 1, 3, 1, 3] | released [0, 0, 0, 0, 0, 0, 0, 4] | locks [[0], [2], [3], [1], [4], [5], [7], [6]]
2020202020202020202020202020202020202020 | target [2, 0, 2, 0, 2, 0, 2, 0] | released [0, 0, 1, 0, 1, 1, 1, 1] | locks [[2], [4], [5], [0], [3], [6], [1], [7]]
3232323232323232323232323232323232323232 | target [3, 2, 3, 2, 3, 2, 3, 2] | released [0, 0, 0, 0, 0, 0, 0, 0] | locks [[2], [3], [4], [1], [5], [6], [7], [0]]
2020202020202020202020202020202020202020 | target [2, 0, 2, 0, 2, 0, 2, 0] | released [0, 0, 1, 0, 1, 1, 1, 1] | locks [[2], [4], [5], [0], [3], [6], [1], [7]]
0101010101010101010101010101010101010101 | target [0, 1, 0, 1, 0, 1, 0, 1] | released [0, 0, 0, 0, 0, 4, 4, 4] | locks [[7], [0], [6], [1], [5], [2], [3], [4]]
0303030303030303030303030303030303030303 | target [0, 3, 0, 3, 0, 3, 0, 3] | released [0, 0, 0, 0, 0, 0, 0, 0] | locks [[4], [3], [2], [7], [1], [6], [5], [0]]
