== opening on order2, seed 2026093012
0133122111000230022012233232202211111112 | target [2, 3, 3, 0, 0, 1, 1, 2] | held [3, 3, 3, 3, 3, 3, 3, 3] | locks []
2033301031002232210123311011010210012033 | target [0, 0, 1, 1, 2, 2, 3, 3] | held [4, 1, 2, 2, 1, 1, 2, 4] | locks []
0130321330120031210030110102331212323331 | target [0, 2, 1, 3, 2, 0, 3, 1] | held [1, 2, 2, 1, 4, 2, 1, 4] | locks []
3210333323101010201130202101223311101233 | target [0, 0, 1, 1, 2, 2, 3, 3] | held [0, 0, 0, 0, 0, 0, 1, 0] | locks []
3012320320030301131303110101311231022121 | target [3, 2, 0, 3, 1, 0, 2, 1] | held [1, 2, 2, 1, 4, 2, 0, 4] | locks []
1200203110322032010132123303232022121120 | target [3, 1, 0, 2, 1, 3, 2, 0] | held [1, 3, 3, 1, 3, 2, 3, 1] | locks []
0002201033211133201200320022013323032310 | target [2, 1, 3, 2, 0, 3, 1, 0] | held [2, 1, 1, 2, 1, 1, 2, 2] | locks []
3300123203200121121132122112311203301102 | target [1, 3, 2, 0, 3, 1, 0, 2] | held [3, 3, 3, 1, 3, 3, 1, 1] | locks []
1011031030200130330203002000333122001222 | target [3, 3, 0, 0, 1, 1, 2, 2] | held [3, 3, 3, 3, 3, 3, 3, 3] | locks []
3122332223023221302012100300112331313313 | target [2, 0, 3, 1, 0, 2, 1, 3] | held [3, 3, 3, 3, 3, 3, 3, 3] | locks []
2032003121120010221213202010012113022110 | target [2, 1, 3, 2, 0, 3, 1, 0] | held [2, 3, 3, 3, 2, 1, 3, 3] | locks []
3223202132302132200230311021222332200310 | target [2, 1, 3, 2, 0, 3, 1, 0] | held [0, 0, 0, 0, 0, 0, 0, 0] | locks []
0023001131212223033332333320312133013032 | target [0, 3, 1, 0, 2, 1, 3, 2] | held [1, 2, 2, 1, 3, 2, 3, 3] | locks []
0323201332323113010120120202203331231210 | target [2, 1, 3, 2, 0, 3, 1, 0] | held [0, 0, 0, 0, 0, 0, 0, 0] | locks []
2300301322131010022030001001122032311231 | target [0, 2, 1, 3, 2, 0, 3, 1] | held [4, 4, 3, 3, 3, 3, 3, 3] | locks []
0310001211113303300321220212120011133113 | target [2, 0, 3, 1, 0, 2, 1, 3] | held [2, 1, 1, 2, 3, 1, 2, 2] | locks []
2213100030301110230130211033012311322103 | target [1, 0, 2, 1, 3, 2, 0, 3] | held [1, 2, 0, 1, 2, 2, 2, 1] | locks []
0012033121012212202223300231013311302231 | target [0, 2, 1, 3, 2, 0, 3, 1] | held [0, 0, 1, 0, 0, 4, 1, 0] | locks []
1221330330001200103332013200221330113000 | target [1, 1, 2, 2, 3, 3, 0, 0] | held [1, 1, 2, 1, 1, 2, 0, 1] | locks []
2312010120121020030302030303322310131200 | target [1, 1, 2, 2, 3, 3, 0, 0] | held [1, 2, 2, 1, 3, 2, 1, 1] | locks []
1223100003201310311012330023132130012121 | target [3, 2, 0, 3, 1, 0, 2, 1] | held [2, 4, 1, 2, 2, 1, 1, 2] | locks []
0201202000222000012212212113001121030122 | target [3, 3, 0, 0, 1, 1, 2, 2] | held [0, 4, 2, 1, 4, 4, 1, 0] | locks []
1123122111030312320111313301333030232213 | target [2, 0, 3, 1, 0, 2, 1, 3] | held [3, 3, 3, 3, 3, 3, 3, 3] | locks []
2231001131010211102201102231203022000201 | target [1, 2, 2, 3, 3, 0, 0, 1] | held [3, 3, 3, 3, 3, 3, 3, 3] | locks []
0302331212032223312230202033333100311332 | target [0, 3, 1, 0, 2, 1, 3, 2] | held [1, 1, 3, 2, 1, 3, 3, 2] | locks []
3001232030233203031111233211302113230320 | target [3, 1, 0, 2, 1, 3, 2, 0] | held [3, 3, 3, 3, 3, 3, 3, 3] | locks []
3021331302123103302103311313332213210101 | target [1, 2, 2, 3, 3, 0, 0, 1] | held [3, 2, 4, 1, 1, 3, 4, 3] | locks []
3220031121220213001130230122221310121010 | target [2, 1, 3, 2, 0, 3, 1, 0] | held [0, 4, 2, 1, 0, 4, 2, 1] | locks []
3032202133021011100310010030321022003001 | target [1, 2, 2, 3, 3, 0, 0, 1] | held [3, 3, 3, 3, 3, 3, 3, 3] | locks []
0211121102021302200113002101232233322320 | target [3, 1, 0, 2, 1, 3, 2, 0] | held [3, 3, 3, 3, 3, 3, 3, 3] | locks []
3232110121020000221220023300131301332202 | target [1, 3, 2, 0, 3, 1, 0, 2] | held [1, 1, 2, 2, 1, 2, 2, 1] | locks []
0100001032221313011201212303100033113213 | target [2, 0, 3, 1, 0, 2, 1, 3] | held [2, 1, 1, 2, 3, 1, 2, 2] | locks []
2113121003303300010233012220201030332031 | target [0, 2, 1, 3, 2, 0, 3, 1] | held [1, 2, 0, 1, 0, 2, 1, 1] | locks []
3002321233302022300333032100321120133013 | target [2, 0, 3, 1, 0, 2, 1, 3] | held [3, 3, 3, 3, 3, 3, 3, 3] | locks []
3003020012312113301313131021112131122222 | target [3, 3, 0, 0, 1, 1, 2, 2] | held [0, 1, 0, 0, 1, 1, 2, 0] | locks []
1001122021332100012333120321233020031211 | target [2, 2, 3, 3, 0, 0, 1, 1] | held [1, 1, 2, 0, 1, 2, 2, 1] | locks []
2301311201101132010011320101011010323130 | target [0, 1, 1, 2, 2, 3, 3, 0] | held [3, 4, 3, 1, 0, 1, 0, 0] | locks []
2132330220121021222103022103023311011102 | target [1, 3, 2, 0, 3, 1, 0, 2] | held [1, 2, 4, 1, 2, 2, 1, 1] | locks []
1100020233013320111312110022110002000113 | target [2, 0, 3, 1, 0, 2, 1, 3] | held [3, 3, 3, 3, 3, 3, 3, 3] | locks []
3313133121121232330123003300332010102023 | target [3, 0, 0, 1, 1, 2, 2, 3] | held [3, 3, 3, 3, 3, 3, 3, 3] | locks []
2313222211023203112233011032203221203201 | target [1, 2, 2, 3, 3, 0, 0, 1] | held [4, 4, 0, 0, 4, 0, 0, 4] | locks []
1220232100232111003022311203313023302022 | target [3, 3, 0, 0, 1, 1, 2, 2] | held [1, 2, 2, 1, 1, 2, 1, 1] | locks []
2122032100220000310220321113131202121231 | target [0, 2, 1, 3, 2, 0, 3, 1] | held [3, 3, 3, 3, 3, 3, 3, 3] | locks []
1300133111332302310333213330113331231101 | target [1, 2, 2, 3, 3, 0, 0, 1] | held [1, 1, 2, 2, 1, 2, 2, 3] | locks []
1003310032220211213331001133212123202113 | target [2, 0, 3, 1, 0, 2, 1, 3] | held [2, 1, 1, 2, 0, 1, 4, 0] | locks []
3103011230133101223221031032232123310012 | target [2, 3, 3, 0, 0, 1, 1, 2] | held [2, 1, 1, 2, 0, 1, 4, 2] | locks []
2111310210220232323220331012211221321300 | target [1, 1, 2, 2, 3, 3, 0, 0] | held [1, 2, 0, 1, 4, 1, 1, 1] | locks []
2311322133203330210101233320031030333022 | target [3, 3, 0, 0, 1, 1, 2, 2] | held [3, 3, 3, 3, 3, 3, 3, 3] | locks []
0122303131211310302320203111103322113302 | target [1, 3, 2, 0, 3, 1, 0, 2] | held [0, 0, 0, 0, 0, 0, 0, 0] | locks []
0201322011133232002213303301103000302333 | target [0, 0, 1, 1, 2, 2, 3, 3] | held [1, 1, 2, 1, 1, 2, 2, 1] | locks []
2211032020332213311133120300020130032030 | target [0, 1, 1, 2, 2, 3, 3, 0] | held [1, 1, 4, 2, 1, 4, 2, 1] | locks []
2002322203213301032121332033301003023230 | target [0, 1, 1, 2, 2, 3, 3, 0] | held [3, 3, 3, 3, 3, 3, 3, 3] | locks []
2233002011102231022022230012230200103331 | target [0, 2, 1, 3, 2, 0, 3, 1] | held [0, 2, 1, 1, 2, 2, 1, 0] | locks []
0112213323320210102220303102312332233213 | target [2, 0, 3, 1, 0, 2, 1, 3] | held [3, 3, 3, 3, 3, 3, 3, 3] | locks []
0202333110302301103122303133300000013021 | target [3, 2, 0, 3, 1, 0, 2, 1] | held [0, 0, 0, 0, 0, 0, 0, 0] | locks []
1110121200020202230020103022323232033223 | target [3, 0, 0, 1, 1, 2, 2, 3] | held [3, 3, 3, 3, 3, 3, 3, 3] | locks []
3330223231110033103210300032303122211323 | target [3, 0, 0, 1, 1, 2, 2, 3] | held [3, 3, 3, 3, 3, 3, 3, 3] | locks []
1113201113022012201201022301001222213201 | target [1, 2, 2, 3, 3, 0, 0, 1] | held [3, 3, 3, 3, 3, 3, 3, 3] | locks []
0212221210302111012330123133330222032302 | target [1, 3, 2, 0, 3, 1, 0, 2] | held [0, 0, 0, 0, 0, 0, 0, 0] | locks []
2121233010202023221010002000233203300330 | target [0, 1, 1, 2, 2, 3, 3, 0] | held [0, 2, 1, 0, 2, 1, 1, 0] | locks []
3030231013031301112102221331022023122101 | target [1, 2, 2, 3, 3, 0, 0, 1] | held [0, 1, 2, 2, 0, 1, 2, 0] | locks []
2020203001300032011223110202223031023113 | target [2, 0, 3, 1, 0, 2, 1, 3] | held [1, 3, 3, 3, 3, 2, 3, 3] | locks []
3023023021231020123001013121330333300202 | target [1, 3, 2, 0, 3, 1, 0, 2] | held [0, 0, 0, 0, 0, 0, 0, 0] | locks []
0031122111023020230222203211021001233013 | target [2, 0, 3, 1, 0, 2, 1, 3] | held [3, 3, 3, 3, 3, 3, 3, 3] | locks []
1303002212301100322123002022123001332200 | target [1, 1, 2, 2, 3, 3, 0, 0] | held [3, 2, 1, 1, 2, 3, 1, 2] | locks []
1110112312323031133111302201013311033300 | target [1, 1, 2, 2, 3, 3, 0, 0] | held [0, 0, 0, 0, 0, 0, 0, 0] | locks []
0330302220011231313031023223023203212200 | target [1, 1, 2, 2, 3, 3, 0, 0] | held [0, 0, 0, 0, 0, 0, 0, 0] | locks []
0212113203010023231333120332133133123313 | target [2, 0, 3, 1, 0, 2, 1, 3] | held [2, 1, 4, 4, 1, 1, 4, 2] | locks []
1031021231311101111010110020131302232103 | target [1, 0, 2, 1, 3, 2, 0, 3] | held [3, 3, 3, 3, 3, 3, 3, 3] | locks []
3211230311132211012322031222133132320333 | target [0, 0, 1, 1, 2, 2, 3, 3] | held [3, 3, 3, 3, 3, 3, 3, 3] | locks []
0312210321033131313120202012131103011330 | target [0, 1, 1, 2, 2, 3, 3, 0] | held [4, 0, 0, 0, 0, 0, 0, 0] | locks []
2303203031223232200322201303103302301013 | target [2, 0, 3, 1, 0, 2, 1, 3] | held [3, 3, 3, 3, 3, 3, 3, 3] | locks []
2303201332130313310122233222300101320202 | target [1, 3, 2, 0, 3, 1, 0, 2] | held [3, 3, 3, 3, 3, 3, 3, 3] | locks []
0003220123133120021021033122331321130220 | target [3, 1, 0, 2, 1, 3, 2, 0] | held [0, 0, 0, 0, 0, 0, 0, 0] | locks []
0220233232330310011331320122130313001200 | target [1, 1, 2, 2, 3, 3, 0, 0] | held [0, 0, 0, 0, 0, 0, 0, 0] | locks []
1233102022111020211122001001023233100133 | target [0, 0, 1, 1, 2, 2, 3, 3] | held [3, 3, 3, 3, 3, 3, 3, 3] | locks []
1132003323222211203112121101301012022332 | target [0, 3, 1, 0, 2, 1, 3, 2] | held [0, 0, 4, 1, 0, 0, 4, 0] | locks []
2131230222231111311331213103221213211101 | target [1, 2, 2, 3, 3, 0, 0, 1] | held [0, 1, 0, 0, 0, 0, 4, 2] | locks []
2133012330310033013022320213301303322131 | target [0, 2, 1, 3, 2, 0, 3, 1] | held [3, 0, 1, 1, 3, 2, 1, 1] | locks []
2331030212000132302102300310023133300203 | target [1, 0, 2, 1, 3, 2, 0, 3] | held [0, 0, 0, 0, 0, 0, 0, 0] | locks []
0101030022320222210111231021113230111210 | target [2, 1, 3, 2, 0, 3, 1, 0] | held [3, 3, 3, 3, 3, 3, 3, 3] | locks []
1323311330200213001033021312033332010112 | target [2, 3, 3, 0, 0, 1, 1, 2] | held [3, 3, 3, 3, 3, 3, 3, 3] | locks []
2022023113131102001003003113123312110323 | target [3, 0, 0, 1, 1, 2, 2, 3] | held [1, 2, 0, 1, 0, 0, 0, 1] | locks []
2321023331031312211103233233232120020201 | target [1, 2, 2, 3, 3, 0, 0, 1] | held [3, 3, 3, 3, 3, 3, 3, 3] | locks []
1200101002210222123312212332022311020133 | target [0, 0, 1, 1, 2, 2, 3, 3] | held [0, 0, 0, 0, 0, 0, 3, 3] | locks []
0122121333312203323331221233233220113320 | target [3, 1, 0, 2, 1, 3, 2, 0] | held [3, 3, 3, 3, 3, 3, 3, 3] | locks []
2233131322103122333010020010031130330232 | target [0, 3, 1, 0, 2, 1, 3, 2] | held [3, 3, 3, 3, 3, 3, 3, 3] | locks []
2033131013020232202201003232112120230100 | target [1, 1, 2, 2, 3, 3, 0, 0] | held [3, 3, 3, 3, 3, 3, 3, 3] | locks []
3323302012102232130101222121300322111311 | target [2, 2, 3, 3, 0, 0, 1, 1] | held [1, 1, 2, 0, 1, 2, 0, 1] | locks []
0011002133101033332121102233232310022122 | target [3, 3, 0, 0, 1, 1, 2, 2] | held [2, 4, 1, 0, 2, 0, 1, 4] | locks []
1231210232211201020312010100030230232130 | target [0, 1, 1, 2, 2, 3, 3, 0] | held [3, 0, 3, 4, 3, 3, 3, 3] | locks []
3311132330133110011200101222033221300030 | target [0, 1, 1, 2, 2, 3, 3, 0] | held [0, 4, 4, 0, 0, 4, 0, 0] | locks []
3003230021303303221021113201010021020003 | target [1, 0, 2, 1, 3, 2, 0, 3] | held [1, 0, 2, 1, 0, 2, 1, 1] | locks []
0121033232331010000300203032022213211211 | target [2, 2, 3, 3, 0, 0, 1, 1] | held [2, 2, 1, 2, 2, 1, 1, 2] | locks []
0131130230131111233133023012000010212300 | target [1, 1, 2, 2, 3, 3, 0, 0] | held [3, 0, 4, 2, 4, 2, 4, 2] | locks []
1010302022333302333213203112033302223303 | target [1, 0, 2, 1, 3, 2, 0, 3] | held [3, 3, 3, 3, 3, 3, 3, 3] | locks []
1201222103102012132233131313020303113231 | target [0, 2, 1, 3, 2, 0, 3, 1] | held [0, 0, 0, 0, 0, 0, 1, 0] | locks []
1102001101203211101331232120330331032323 | target [3, 0, 0, 1, 1, 2, 2, 3] | held [2, 1, 1, 2, 1, 1, 2, 2] | locks []
1133220030320010100031223200133102113023 | target [3, 0, 0, 1, 1, 2, 2, 3] | held [1, 2, 1, 1, 2, 2, 1, 1] | locks []
1303332231102010123112330321301311330233 | target [0, 0, 1, 1, 2, 2, 3, 3] | held [3, 3, 2, 3, 1, 3, 3, 2] | locks []
0023203303200310112123330122030002130222 | target [3, 3, 0, 0, 1, 1, 2, 2] | held [2, 2, 1, 4, 2, 1, 1, 2] | locks []
1030011322330103020233000003203011102102 | target [1, 3, 2, 0, 3, 1, 0, 2] | held [3, 3, 3, 3, 3, 3, 3, 3] | locks []
0113223120120331233200201132012232320011 | target [2, 2, 3, 3, 0, 0, 1, 1] | held [1, 2, 1, 1, 2, 0, 1, 4] | locks []
2223330001021210222133121331331303213002 | target [1, 3, 2, 0, 3, 1, 0, 2] | held [3, 3, 3, 3, 3, 3, 3, 3] | locks []
0223233321031331322311310022322311002323 | target [3, 0, 0, 1, 1, 2, 2, 3] | held [3, 3, 3, 3, 3, 3, 3, 3] | locks []
3232122023222021010223112002203201212330 | target [0, 1, 1, 2, 2, 3, 3, 0] | held [0, 2, 1, 1, 2, 2, 1, 2] | locks []
1222020031011333230223113003300131201131 | target [0, 2, 1, 3, 2, 0, 3, 1] | held [1, 0, 2, 1, 1, 2, 0, 1] | locks []
0312301303220211030011331023332101303200 | target [1, 1, 2, 2, 3, 3, 0, 0] | held [0, 0, 0, 0, 0, 0, 0, 0] | locks []
0031201020332123321302010103222220201111 | target [2, 2, 3, 3, 0, 0, 1, 1] | held [3, 3, 3, 3, 3, 3, 3, 3] | locks []
2230001111333333222021121113310002310311 | target [2, 2, 3, 3, 0, 0, 1, 1] | held [0, 0, 0, 0, 0, 0, 0, 0] | locks []
0103023131023332011110130203232013032000 | target [1, 1, 2, 2, 3, 3, 0, 0] | held [4, 0, 0, 0, 0, 0, 0, 0] | locks []
0232331032012110331111223030030011301221 | target [3, 2, 0, 3, 1, 0, 2, 1] | held [0, 4, 4, 0, 0, 4, 0, 0] | locks []
0320322002321133311022233200003130020013 | target [2, 0, 3, 1, 0, 2, 1, 3] | held [0, 4, 0, 0, 0, 0, 0, 0] | locks []
3130112320033330331320321033332331112310 | target [2, 1, 3, 2, 0, 3, 1, 0] | held [1, 1, 4, 2, 1, 4, 2, 2] | locks []
1201122213300030302312100131113320210031 | target [0, 2, 1, 3, 2, 0, 3, 1] | held [2, 2, 1, 1, 2, 0, 1, 2] | locks []
3023230210311010021223321202012212232330 | target [0, 1, 1, 2, 2, 3, 3, 0] | held [4, 2, 1, 1, 2, 0, 1, 4] | locks []
1300120033333220320231130330101203102221 | target [3, 2, 0, 3, 1, 0, 2, 1] | held [0, 0, 1, 0, 0, 0, 0, 0] | locks []
0100203200230122303313222123000012311322 | target [3, 3, 0, 0, 1, 1, 2, 2] | held [4, 2, 1, 1, 2, 2, 1, 2] | locks []
2212001231001221232003001121102321233023 | target [3, 0, 0, 1, 1, 2, 2, 3] | held [3, 3, 3, 3, 3, 3, 3, 3] | locks []
2123110210033303020101312211131010120002 | target [1, 3, 2, 0, 3, 1, 0, 2] | held [3, 3, 3, 3, 3, 3, 3, 3] | locks []
2300333130203122320030200102123022231300 | target [1, 1, 2, 2, 3, 3, 0, 0] | held [2, 2, 1, 0, 2, 1, 1, 2] | locks []
1203301031330220113000210020322131312113 | target [2, 0, 3, 1, 0, 2, 1, 3] | held [0, 1, 2, 0, 1, 1, 2, 0] | locks []
3001231103013131313211300031020032132013 | target [2, 0, 3, 1, 0, 2, 1, 3] | held [2, 1, 4, 2, 1, 1, 2, 0] | locks []
2012330133230231301111210310200203220002 | target [1, 3, 2, 0, 3, 1, 0, 2] | held [4, 1, 1, 2, 1, 1, 2, 4] | locks []
3322112023102323230131032032023312131110 | target [2, 1, 3, 2, 0, 3, 1, 0] | held [3, 3, 3, 3, 3, 3, 3, 3] | locks []
0031133020223111310231330011311212231101 | target [1, 2, 2, 3, 3, 0, 0, 1] | held [2, 0, 1, 4, 0, 0, 4, 2] | locks []
3110002312300120330123203311120201003231 | target [0, 2, 1, 3, 2, 0, 3, 1] | held [1, 2, 2, 1, 1, 2, 1, 1] | locks []
0100122000013011220121131212303122213333 | target [0, 0, 1, 1, 2, 2, 3, 3] | held [3, 2, 1, 3, 3, 2, 3, 2] | locks []
== executed-open on order2, seed 2026093012
0133122111000230022012233232202211111112 | target [2, 3, 3, 0, 0, 1, 1, 2] | released [3, 1, 1, 3, 1, 1, 3, 3] | locks [[7], [6], [1], [2], [5], [3], [0], [4]]
2033301031002232210123311011010210012033 | target [0, 0, 1, 1, 2, 2, 3, 3] | released [3, 3, 2, 2, 3, 3, 0, 2] | locks [[5], [3], [2], [0], [7], [4], [1], [6]]
0130321330120031210030110102331212323331 | target [0, 2, 1, 3, 2, 0, 3, 1] | released [3, 3, 1, 1, 1, 1, 1, 1] | locks [[2], [3], [1], [5], [0], [6], [7], [4]]
3210333323101010201130202101223311101233 | target [0, 0, 1, 1, 2, 2, 3, 3] | released [1, 3, 3, 1, 1, 1, 1, 1] | locks [[0], [4], [3], [2], [5], [1], [6], [7]]
3012320320030301131303110101311231022121 | target [3, 2, 0, 3, 1, 0, 2, 1] | released [3, 3, 3, 1, 2, 3, 3, 1] | locks [[3], [5], [2], [7], [6], [0], [4], [1]]
1200203110322032010132123303232022121120 | target [3, 1, 0, 2, 1, 3, 2, 0] | released [2, 0, 1, 2, 3, 3, 1, 3] | locks [[4], [7], [5], [2], [6], [0], [1], [3]]
0002201033211133201200320022013323032310 | target [2, 1, 3, 2, 0, 3, 1, 0] | released [3, 3, 2, 1, 1, 1, 2, 3] | locks [[2], [6], [7], [4], [0], [3], [1], [5]]
3300123203200121121132122112311203301102 | target [1, 3, 2, 0, 3, 1, 0, 2] | released [3, 1, 1, 0, 3, 1, 1, 3] | locks [[7], [4], [1], [0], [2], [5], [3], [6]]
1011031030200130330203002000333122001222 | target [3, 3, 0, 0, 1, 1, 2, 2] | released [2, 3, 2, 0, 2, 1, 2, 3] | locks [[7], [0], [4], [2], [5], [1], [3], [6]]
3122332223023221302012100300112331313313 | target [2, 0, 3, 1, 0, 2, 1, 3] | released [0, 1, 1, 0, 1, 1, 1, 1] | locks [[0], [6], [2], [5], [1], [4], [7], [3]]
2032003121120010221213202010012113022110 | target [2, 1, 3, 2, 0, 3, 1, 0] | released [3, 3, 1, 0, 3, 3, 2, 3] | locks [[7], [4], [2], [1], [3], [0], [6], [5]]
3223202132302132200230311021222332200310 | target [2, 1, 3, 2, 0, 3, 1, 0] | released [3, 1, 0, 3, 1, 1, 0, 2] | locks [[1], [5], [4], [7], [0], [2], [6], [3]]
0023001131212223033332333320312133013032 | target [0, 3, 1, 0, 2, 1, 3, 2] | released [0, 1, 1, 0, 0, 1, 1, 2] | locks [[6], [2], [5], [1], [0], [7], [3], [4]]
0323201332323113010120120202203331231210 | target [2, 1, 3, 2, 0, 3, 1, 0] | released [1, 3, 3, 2, 1, 1, 1, 1] | locks [[3], [4], [0], [7], [2], [6], [1], [5]]
2300301322131010022030001001122032311231 | target [0, 2, 1, 3, 2, 0, 3, 1] | released [2, 3, 3, 0, 0, 1, 3, 2] | locks [[6], [0], [2], [7], [5], [1], [4], [3]]
0310001211113303300321220212120011133113 | target [2, 0, 3, 1, 0, 2, 1, 3] | released [3, 1, 2, 3, 3, 3, 2, 2] | locks [[4], [5], [2], [0], [1], [7], [3], [6]]
2213100030301110230130211033012311322103 | target [1, 0, 2, 1, 3, 2, 0, 3] | released [0, 3, 1, 1, 1, 1, 1, 3] | locks [[7], [0], [4], [3], [2], [5], [1], [6]]
0012033121012212202223300231013311302231 | target [0, 2, 1, 3, 2, 0, 3, 1] | released [1, 0, 3, 1, 0, 3, 2, 3] | locks [[6], [0], [7], [5], [3], [1], [2], [4]]
1221330330001200103332013200221330113000 | target [1, 1, 2, 2, 3, 3, 0, 0] | released [1, 3, 0, 2, 2, 1, 3, 2] | locks [[4], [7], [6], [2], [0], [5], [1], [3]]
2312010120121020030302030303322310131200 | target [1, 1, 2, 2, 3, 3, 0, 0] | released [0, 3, 1, 2, 2, 3, 1, 3] | locks [[7], [3], [5], [2], [6], [1], [0], [4]]
1223100003201310311012330023132130012121 | target [3, 2, 0, 3, 1, 0, 2, 1] | released [3, 1, 2, 2, 2, 1, 0, 3] | locks [[7], [4], [1], [5], [0], [3], [6], [2]]
0201202000222000012212212113001121030122 | target [3, 3, 0, 0, 1, 1, 2, 2] | released [2, 3, 3, 2, 2, 2, 2, 3] | locks [[7], [0], [5], [4], [3], [2], [6], [1]]
1123122111030312320111313301333030232213 | target [2, 0, 3, 1, 0, 2, 1, 3] | released [3, 3, 0, 1, 1, 1, 3, 1] | locks [[6], [2], [5], [7], [4], [3], [0], [1]]
2231001131010211102201102231203022000201 | target [1, 2, 2, 3, 3, 0, 0, 1] | released [3, 3, 1, 2, 3, 3, 1, 2] | locks [[3], [5], [4], [2], [7], [0], [1], [6]]
0302331212032223312230202033333100311332 | target [0, 3, 1, 0, 2, 1, 3, 2] | released [0, 3, 1, 0, 2, 1, 1, 0] | locks [[0], [6], [5], [3], [2], [1], [7], [4]]
3001232030233203031111233211302113230320 | target [3, 1, 0, 2, 1, 3, 2, 0] | released [3, 1, 0, 3, 1, 1, 1, 1] | locks [[1], [5], [6], [4], [2], [0], [7], [3]]
3021331302123103302103311313332213210101 | target [1, 2, 2, 3, 3, 0, 0, 1] | released [3, 1, 0, 3, 1, 1, 1, 1] | locks [[1], [5], [4], [3], [0], [7], [2], [6]]
3220031121220213001130230122221310121010 | target [2, 1, 3, 2, 0, 3, 1, 0] | released [3, 3, 3, 2, 1, 3, 1, 3] | locks [[5], [7], [3], [1], [6], [0], [2], [4]]
3032202133021011100310010030321022003001 | target [1, 2, 2, 3, 3, 0, 0, 1] | released [3, 3, 3, 1, 1, 3, 3, 1] | locks [[6], [5], [1], [3], [2], [7], [0], [4]]
0211121102021302200113002101232233322320 | target [3, 1, 0, 2, 1, 3, 2, 0] | released [3, 3, 3, 3, 1, 1, 3, 3] | locks [[6], [7], [5], [0], [4], [3], [1], [2]]
3232110121020000221220023300131301332202 | target [1, 3, 2, 0, 3, 1, 0, 2] | released [0, 0, 2, 2, 2, 2, 2, 3] | locks [[7], [2], [0], [6], [5], [1], [4], [3]]
0100001032221313011201212303100033113213 | target [2, 0, 3, 1, 0, 2, 1, 3] | released [3, 3, 2, 2, 1, 3, 3, 3] | locks [[7], [6], [2], [3], [5], [0], [1], [4]]
2113121003303300010233012220201030332031 | target [0, 2, 1, 3, 2, 0, 3, 1] | released [0, 3, 1, 2, 0, 1, 1, 0] | locks [[0], [2], [3], [6], [1], [5], [7], [4]]
3002321233302022300333032100321120133013 | target [2, 0, 3, 1, 0, 2, 1, 3] | released [3, 1, 0, 0, 1, 1, 1, 0] | locks [[5], [1], [4], [3], [6], [0], [2], [7]]
3003020012312113301313131021112131122222 | target [3, 3, 0, 0, 1, 1, 2, 2] | released [1, 2, 3, 3, 1, 0, 3, 1] | locks [[6], [0], [4], [1], [7], [3], [2], [5]]
1001122021332100012333120321233020031211 | target [2, 2, 3, 3, 0, 0, 1, 1] | released [3, 3, 1, 1, 0, 3, 3, 3] | locks [[7], [6], [3], [5], [2], [4], [1], [0]]
2301311201101132010011320101011010323130 | target [0, 1, 1, 2, 2, 3, 3, 0] | released [0, 3, 2, 3, 3, 1, 2, 3] | locks [[7], [2], [0], [5], [4], [1], [6], [3]]
2132330220121021222103022103023311011102 | target [1, 3, 2, 0, 3, 1, 0, 2] | released [0, 3, 3, 1, 2, 2, 1, 3] | locks [[7], [5], [0], [4], [3], [2], [6], [1]]
1100020233013320111312110022110002000113 | target [2, 0, 3, 1, 0, 2, 1, 3] | released [3, 2, 2, 3, 3, 2, 3, 3] | locks [[4], [0], [1], [7], [2], [6], [3], [5]]
3313133121121232330123003300332010102023 | target [3, 0, 0, 1, 1, 2, 2, 3] | released [2, 0, 3, 1, 0, 0, 1, 1] | locks [[3], [6], [7], [1], [2], [0], [5], [4]]
2313222211023203112233011032203221203201 | target [1, 2, 2, 3, 3, 0, 0, 1] | released [3, 2, 0, 3, 1, 2, 0, 3] | locks [[4], [7], [2], [5], [0], [1], [3], [6]]
1220232100232111003022311203313023302022 | target [3, 3, 0, 0, 1, 1, 2, 2] | released [3, 3, 2, 2, 2, 1, 1, 3] | locks [[2], [3], [7], [4], [6], [0], [5], [1]]
2122032100220000310220321113131202121231 | target [0, 2, 1, 3, 2, 0, 3, 1] | released [3, 1, 2, 0, 3, 1, 3, 3] | locks [[7], [6], [2], [1], [5], [0], [3], [4]]
1300133111332302310333213330113331231101 | target [1, 2, 2, 3, 3, 0, 0, 1] | released [0, 0, 1, 1, 2, 1, 1, 1] | locks [[3], [2], [6], [1], [0], [4], [7], [5]]
1003310032220211213331001133212123202113 | target [2, 0, 3, 1, 0, 2, 1, 3] | released [1, 3, 0, 1, 1, 2, 1, 3] | locks [[7], [0], [4], [2], [5], [1], [3], [6]]
3103011230133101223221031032232123310012 | target [2, 3, 3, 0, 0, 1, 1, 2] | released [3, 1, 2, 0, 3, 1, 2, 3] | locks [[7], [1], [5], [2], [0], [3], [6], [4]]
2111310210220232323220331012211221321300 | target [1, 1, 2, 2, 3, 3, 0, 0] | released [0, 2, 2, 0, 3, 2, 2, 3] | locks [[6], [2], [0], [7], [1], [5], [3], [4]]
2311322133203330210101233320031030333022 | target [3, 3, 0, 0, 1, 1, 2, 2] | released [0, 0, 0, 0, 1, 1, 1, 1] | locks [[0], [5], [6], [1], [7], [2], [3], [4]]
0122303131211310302320203111103322113302 | target [1, 3, 2, 0, 3, 1, 0, 2] | released [3, 1, 1, 0, 1, 1, 0, 3] | locks [[7], [1], [5], [4], [0], [2], [3], [6]]
0201322011133232002213303301103000302333 | target [0, 0, 1, 1, 2, 2, 3, 3] | released [3, 3, 1, 0, 0, 1, 1, 2] | locks [[2], [5], [6], [7], [1], [4], [0], [3]]
2211032020332213311133120300020130032030 | target [0, 1, 1, 2, 2, 3, 3, 0] | released [2, 0, 3, 1, 0, 0, 1, 2] | locks [[4], [6], [7], [0], [2], [3], [5], [1]]
2002322203213301032121332033301003023230 | target [0, 1, 1, 2, 2, 3, 3, 0] | released [3, 1, 2, 0, 1, 1, 0, 3] | locks [[7], [5], [4], [3], [1], [0], [6], [2]]
2233002011102231022022230012230200103331 | target [0, 2, 1, 3, 2, 0, 3, 1] | released [3, 1, 2, 0, 3, 1, 2, 2] | locks [[2], [1], [7], [6], [5], [0], [3], [4]]
0112213323320210102220303102312332233213 | target [2, 0, 3, 1, 0, 2, 1, 3] | released [3, 0, 3, 1, 0, 0, 1, 1] | locks [[3], [7], [1], [2], [6], [0], [5], [4]]
0202333110302301103122303133300000013021 | target [3, 2, 0, 3, 1, 0, 2, 1] | released [2, 0, 3, 1, 2, 0, 3, 1] | locks [[6], [0], [1], [3], [4], [7], [2], [5]]
1110121200020202230020103022323232033223 | target [3, 0, 0, 1, 1, 2, 2, 3] | released [2, 0, 2, 1, 2, 2, 2, 1] | locks [[2], [7], [3], [4], [1], [5], [6], [0]]
3330223231110033103210300032303122211323 | target [3, 0, 0, 1, 1, 2, 2, 3] | released [1, 3, 0, 1, 1, 0, 1, 1] | locks [[4], [0], [7], [2], [6], [3], [5], [1]]
1113201113022012201201022301001222213201 | target [1, 2, 2, 3, 3, 0, 0, 1] | released [3, 0, 3, 2, 2, 3, 1, 3] | locks [[7], [5], [2], [1], [3], [6], [4], [0]]
0212221210302111012330123133330222032302 | target [1, 3, 2, 0, 3, 1, 0, 2] | released [0, 3, 1, 0, 0, 1, 2, 3] | locks [[6], [7], [0], [1], [5], [2], [3], [4]]
2121233010202023221010002000233203300330 | target [0, 1, 1, 2, 2, 3, 3, 0] | released [0, 3, 2, 0, 3, 1, 2, 3] | locks [[6], [0], [7], [2], [3], [1], [5], [4]]
3030231013031301112102221331022023122101 | target [1, 2, 2, 3, 3, 0, 0, 1] | released [3, 2, 0, 3, 1, 2, 3, 3] | locks [[6], [7], [4], [1], [3], [0], [5], [2]]
2020203001300032011223110202223031023113 | target [2, 0, 3, 1, 0, 2, 1, 3] | released [3, 2, 1, 1, 0, 2, 1, 1] | locks [[3], [1], [5], [2], [7], [4], [0], [6]]
3023023021231020123001013121330333300202 | target [1, 3, 2, 0, 3, 1, 0, 2] | released [2, 0, 0, 2, 2, 2, 2, 3] | locks [[3], [4], [7], [2], [5], [6], [0], [1]]
0031122111023020230222203211021001233013 | target [2, 0, 3, 1, 0, 2, 1, 3] | released [2, 3, 3, 1, 1, 3, 3, 1] | locks [[6], [5], [3], [0], [4], [2], [7], [1]]
1303002212301100322123002022123001332200 | target [1, 1, 2, 2, 3, 3, 0, 0] | released [3, 2, 0, 3, 1, 1, 3, 3] | locks [[7], [5], [6], [4], [0], [1], [2], [3]]
1110112312323031133111302201013311033300 | target [1, 1, 2, 2, 3, 3, 0, 0] | released [3, 2, 2, 3, 1, 2, 0, 3] | locks [[1], [7], [2], [3], [0], [4], [6], [5]]
0330302220011231313031023223023203212200 | target [1, 1, 2, 2, 3, 3, 0, 0] | released [0, 0, 0, 2, 1, 1, 1, 3] | locks [[0], [5], [7], [3], [6], [1], [2], [4]]
0212113203010023231333120332133133123313 | target [2, 0, 3, 1, 0, 2, 1, 3] | released [1, 0, 0, 1, 1, 2, 1, 1] | locks [[2], [4], [5], [7], [0], [3], [1], [6]]
1031021231311101111010110020131302232103 | target [1, 0, 2, 1, 3, 2, 0, 3] | released [3, 3, 3, 3, 1, 3, 3, 3] | locks [[6], [5], [0], [7], [1], [2], [4], [3]]
3211230311132211012322031222133132320333 | target [0, 0, 1, 1, 2, 2, 3, 3] | released [1, 1, 1, 0, 1, 1, 1, 2] | locks [[1], [5], [4], [0], [7], [6], [2], [3]]
0312210321033131313120202012131103011330 | target [0, 1, 1, 2, 2, 3, 3, 0] | released [3, 1, 2, 3, 1, 1, 2, 2] | locks [[2], [1], [6], [0], [4], [5], [7], [3]]
2303203031223232200322201303103302301013 | target [2, 0, 3, 1, 0, 2, 1, 3] | released [0, 3, 1, 2, 1, 1, 1, 0] | locks [[6], [5], [0], [3], [4], [1], [2], [7]]
2303201332130313310122233222300101320202 | target [1, 3, 2, 0, 3, 1, 0, 2] | released [0, 3, 1, 2, 0, 1, 1, 0] | locks [[3], [5], [0], [2], [1], [6], [4], [7]]
0003220123133120021021033122331321130220 | target [3, 1, 0, 2, 1, 3, 2, 0] | released [3, 3, 2, 2, 1, 1, 1, 3] | locks [[7], [3], [2], [1], [5], [4], [0], [6]]
0220233232330310011331320122130313001200 | target [1, 1, 2, 2, 3, 3, 0, 0] | released [3, 3, 1, 1, 0, 1, 1, 3] | locks [[7], [3], [2], [6], [1], [0], [4], [5]]
1233102022111020211122001001023233100133 | target [0, 0, 1, 1, 2, 2, 3, 3] | released [3, 3, 2, 2, 1, 3, 3, 2] | locks [[6], [5], [2], [3], [0], [1], [7], [4]]
1132003323222211203112121101301012022332 | target [0, 3, 1, 0, 2, 1, 3, 2] | released [2, 2, 3, 1, 3, 0, 1, 1] | locks [[1], [0], [3], [7], [6], [2], [5], [4]]
2131230222231111311331213103221213211101 | target [1, 2, 2, 3, 3, 0, 0, 1] | released [3, 3, 1, 1, 1, 1, 1, 3] | locks [[7], [2], [3], [4], [6], [1], [5], [0]]
2133012330310033013022320213301303322131 | target [0, 2, 1, 3, 2, 0, 3, 1] | released [1, 0, 0, 1, 1, 0, 2, 1] | locks [[6], [3], [7], [1], [0], [2], [4], [5]]
2331030212000132302102300310023133300203 | target [1, 0, 2, 1, 3, 2, 0, 3] | released [1, 0, 2, 3, 1, 2, 2, 1] | locks [[2], [0], [7], [4], [3], [5], [6], [1]]
0101030022320222210111231021113230111210 | target [2, 1, 3, 2, 0, 3, 1, 0] | released [3, 3, 2, 2, 3, 3, 3, 3] | locks [[7], [6], [2], [3], [5], [0], [1], [4]]
1323311330200213001033021312033332010112 | target [2, 3, 3, 0, 0, 1, 1, 2] | released [3, 3, 0, 1, 1, 1, 1, 3] | locks [[7], [5], [4], [6], [3], [0], [2], [1]]
2022023113131102001003003113123312110323 | target [3, 0, 0, 1, 1, 2, 2, 3] | released [2, 3, 3, 0, 0, 1, 1, 3] | locks [[7], [0], [2], [6], [1], [5], [4], [3]]
2321023331031312211103233233232120020201 | target [1, 2, 2, 3, 3, 0, 0, 1] | released [1, 1, 3, 1, 1, 1, 1, 3] | locks [[7], [1], [4], [5], [0], [6], [3], [2]]
1200101002210222123312212332022311020133 | target [0, 0, 1, 1, 2, 2, 3, 3] | released [1, 3, 0, 1, 2, 2, 3, 3] | locks [[6], [7], [4], [0], [5], [3], [2], [1]]
0122121333312203323331221233233220113320 | target [3, 1, 0, 2, 1, 3, 2, 0] | released [1, 1, 0, 0, 1, 1, 0, 1] | locks [[1], [5], [4], [0], [6], [2], [3], [7]]
2233131322103122333010020010031130330232 | target [0, 3, 1, 0, 2, 1, 3, 2] | released [0, 3, 0, 0, 0, 1, 2, 2] | locks [[6], [5], [0], [7], [3], [1], [4], [2]]
2033131013020232202201003232112120230100 | target [1, 1, 2, 2, 3, 3, 0, 0] | released [0, 0, 0, 0, 2, 2, 2, 3] | locks [[7], [0], [5], [1], [2], [4], [6], [3]]
3323302012102232130101222121300322111311 | target [2, 2, 3, 3, 0, 0, 1, 1] | released [0, 0, 0, 2, 2, 1, 3, 1] | locks [[6], [4], [0], [3], [1], [5], [2], [7]]
0011002133101033332121102233232310022122 | target [3, 3, 0, 0, 1, 1, 2, 2] | released [3, 1, 1, 0, 0, 1, 2, 3] | locks [[7], [1], [5], [2], [3], [0], [6], [4]]
1231210232211201020312010100030230232130 | target [0, 1, 1, 2, 2, 3, 3, 0] | released [3, 2, 0, 3, 1, 0, 3, 3] | locks [[6], [7], [1], [2], [0], [4], [3], [5]]
3311132330133110011200101222033221300030 | target [0, 1, 1, 2, 2, 3, 3, 0] | released [3, 3, 3, 1, 1, 1, 1, 3] | locks [[7], [5], [1], [3], [0], [6], [4], [2]]
3003230021303303221021113201010021020003 | target [1, 0, 2, 1, 3, 2, 0, 3] | released [3, 2, 2, 3, 0, 2, 2, 1] | locks [[2], [1], [6], [7], [5], [3], [0], [4]]
0121033232331010000300203032022213211211 | target [2, 2, 3, 3, 0, 0, 1, 1] | released [3, 3, 0, 3, 1, 1, 3, 1] | locks [[6], [4], [5], [0], [2], [1], [7], [3]]
0131130230131111233133023012000010212300 | target [1, 1, 2, 2, 3, 3, 0, 0] | released [0, 3, 0, 3, 3, 3, 1, 3] | locks [[7], [5], [0], [3], [2], [4], [1], [6]]
1010302022333302333213203112033302223303 | target [1, 0, 2, 1, 3, 2, 0, 3] | released [3, 0, 0, 1, 1, 0, 1, 1] | locks [[4], [7], [2], [3], [6], [1], [0], [5]]
1201222103102012132233131313020303113231 | target [0, 2, 1, 3, 2, 0, 3, 1] | released [2, 0, 1, 2, 0, 3, 1, 2] | locks [[5], [1], [2], [6], [7], [4], [0], [3]]
1102001101203211101331232120330331032323 | target [3, 0, 0, 1, 1, 2, 2, 3] | released [3, 3, 1, 1, 2, 1, 1, 3] | locks [[7], [4], [2], [3], [6], [1], [0], [5]]
1133220030320010100031223200133102113023 | target [3, 0, 0, 1, 1, 2, 2, 3] | released [2, 3, 3, 2, 2, 3, 1, 3] | locks [[7], [3], [4], [0], [6], [5], [1], [2]]
1303332231102010123112330321301311330233 | target [0, 0, 1, 1, 2, 2, 3, 3] | released [1, 3, 3, 1, 1, 1, 1, 1] | locks [[0], [3], [5], [6], [4], [7], [2], [1]]
0023203303200310112123330122030002130222 | target [3, 3, 0, 0, 1, 1, 2, 2] | released [2, 3, 0, 0, 0, 1, 2, 3] | locks [[7], [0], [6], [5], [1], [3], [4], [2]]
1030011322330103020233000003203011102102 | target [1, 3, 2, 0, 3, 1, 0, 2] | released [2, 3, 2, 0, 3, 1, 2, 0] | locks [[4], [0], [2], [1], [5], [7], [3], [6]]
0113223120120331233200201132012232320011 | target [2, 2, 3, 3, 0, 0, 1, 1] | released [0, 3, 1, 0, 0, 3, 2, 3] | locks [[6], [7], [0, 2], [5], [1], [4], [3]]
2223330001021210222133121331331303213002 | target [1, 3, 2, 0, 3, 1, 0, 2] | released [3, 1, 0, 0, 1, 2, 3, 3] | locks [[6], [1], [4], [2], [0], [7], [3], [5]]
0223233321031331322311310022322311002323 | target [3, 0, 0, 1, 1, 2, 2, 3] | released [1, 0, 3, 1, 0, 0, 1, 1] | locks [[0], [3], [6], [5], [7], [4], [2], [1]]
3232122023222021010223112002203201212330 | target [0, 1, 1, 2, 2, 3, 3, 0] | released [0, 3, 2, 0, 3, 1, 0, 3] | locks [[7], [5], [0], [2], [4], [1], [3], [6]]
1222020031011333230223113003300131201131 | target [0, 2, 1, 3, 2, 0, 3, 1] | released [2, 2, 3, 1, 2, 3, 3, 1] | locks [[6], [3], [5], [0], [7], [4], [2], [1]]
0312301303220211030011331023332101303200 | target [1, 1, 2, 2, 3, 3, 0, 0] | released [3, 1, 2, 3, 1, 1, 3, 3] | locks [[7], [6], [1], [4], [0], [5], [2], [3]]
0031201020332123321302010103222220201111 | target [2, 2, 3, 3, 0, 0, 1, 1] | released [0, 3, 3, 2, 0, 3, 1, 3] | locks [[5], [3], [7], [0], [6], [2], [1], [4]]
2230001111333333222021121113310002310311 | target [2, 2, 3, 3, 0, 0, 1, 1] | released [3, 3, 1, 2, 0, 1, 1, 3] | locks [[7], [3], [2], [4], [6], [1], [0], [5]]
0103023131023332011110130203232013032000 | target [1, 1, 2, 2, 3, 3, 0, 0] | released [2, 2, 3, 2, 0, 2, 2, 3] | locks [[7], [1], [6], [3], [5], [0], [2], [4]]
0232331032012110331111223030030011301221 | target [3, 2, 0, 3, 1, 0, 2, 1] | released [0, 0, 0, 0, 2, 2, 3, 3] | locks [[7], [6], [1], [0], [4], [5], [2], [3]]
0320322002321133311022233200003130020013 | target [2, 0, 3, 1, 0, 2, 1, 3] | released [3, 3, 2, 2, 2, 1, 1, 0] | locks [[3], [5], [4], [2], [1], [6], [7], [0]]
3130112320033330331320321033332331112310 | target [2, 1, 3, 2, 0, 3, 1, 0] | released [1, 0, 0, 1, 1, 0, 1, 1] | locks [[4], [2], [7], [3], [0], [1], [6], [5]]
1201122213300030302312100131113320210031 | target [0, 2, 1, 3, 2, 0, 3, 1] | released [2, 3, 1, 2, 3, 3, 1, 3] | locks [[7], [0], [5], [2], [6], [1], [3], [4]]
3023230210311010021223321202012212232330 | target [0, 1, 1, 2, 2, 3, 3, 0] | released [3, 3, 1, 1, 0, 1, 1, 1] | locks [[3], [2], [6], [1], [5], [0], [7], [4]]
1300120033333220320231130330101203102221 | target [3, 2, 0, 3, 1, 0, 2, 1] | released [0, 1, 2, 0, 1, 1, 3, 3] | locks [[6], [1], [0], [5], [2], [4], [3], [7]]
0100203200230122303313222123000012311322 | target [3, 3, 0, 0, 1, 1, 2, 2] | released [3, 3, 0, 0, 2, 2, 1, 3] | locks [[7], [5], [3], [4], [2], [1], [6], [0]]
2212001231001221232003001121102321233023 | target [3, 0, 0, 1, 1, 2, 2, 3] | released [3, 3, 0, 3, 1, 2, 3, 3] | locks [[7], [6], [2], [5], [0], [4], [3], [1]]
2123110210033303020101312211131010120002 | target [1, 3, 2, 0, 3, 1, 0, 2] | released [3, 2, 2, 3, 1, 0, 0, 1] | locks [[1], [2], [0], [4], [3], [7], [6], [5]]
2300333130203122320030200102123022231300 | target [1, 1, 2, 2, 3, 3, 0, 0] | released [3, 1, 0, 0, 2, 1, 1, 3] | locks [[4], [6], [5], [1], [3], [7], [0], [2]]
1203301031330220113000210020322131312113 | target [2, 0, 3, 1, 0, 2, 1, 3] | released [3, 3, 0, 1, 2, 3, 3, 1] | locks [[6], [5], [3], [7], [4], [0], [2], [1]]
3001231103013131313211300031020032132013 | target [2, 0, 3, 1, 0, 2, 1, 3] | released [1, 3, 3, 1, 1, 0, 3, 1] | locks [[0], [3], [6], [7], [2], [4], [1], [5]]
2012330133230231301111210310200203220002 | target [1, 3, 2, 0, 3, 1, 0, 2] | released [2, 3, 0, 3, 1, 2, 3, 3] | locks [[7], [6], [0], [5], [2], [4], [3], [1]]
3322112023102323230131032032023312131110 | target [2, 1, 3, 2, 0, 3, 1, 0] | released [0, 1, 2, 0, 3, 1, 2, 2] | locks [[5], [1], [0], [6], [3], [2], [4], [7]]
0031133020223111310231330011311212231101 | target [1, 2, 2, 3, 3, 0, 0, 1] | released [3, 1, 3, 3, 1, 1, 3, 3] | locks [[7], [6], [1], [5], [0], [4], [2], [3]]
3110002312300120330123203311120201003231 | target [0, 2, 1, 3, 2, 0, 3, 1] | released [1, 2, 0, 3, 1, 0, 2, 3] | locks [[7], [0], [2], [6], [5], [1], [3], [4]]
0100122000013011220121131212303122213333 | target [0, 0, 1, 1, 2, 2, 3, 3] | released [1, 3, 3, 3, 1, 1, 3, 1] | locks [[6], [4], [0], [7], [5], [1], [2], [3]]
