== keys-founded on order2, seed 2026093033
1300300130121131102010000331003112211010 | target [2, 1, 3, 2, 0, 3, 1, 0] | released [2, 1, 3, 2, 0, 3, 1, 0] | locks [[0], [1], [3], [2, 5], [4, 7], [6]]
3032121001221112130000232003233020210313 | target [2, 0, 3, 1, 0, 2, 1, 3] | released [2, 0, 3, 1, 0, 2, 1, 3] | locks [[0], [1], [3], [5], [2, 7], [4], [6]]
1222230031101201020121232003002011021020 | target [3, 1, 0, 2, 1, 3, 2, 0] | released [3, 1, 0, 2, 1, 3, 2, 0] | locks [[1], [3], [0, 5], [2, 7], [4], [6]]
0121101202210021210211331103121023301032 | target [0, 3, 1, 0, 2, 1, 3, 2] | released [0, 3, 1, 0, 2, 1, 3, 2] | locks [[0], [2], [4], [1, 6], [3], [5], [7]]
2303333332220303031320310313320110220021 | target [3, 2, 0, 3, 1, 0, 2, 1] | released [3, 2, 0, 3, 1, 0, 2, 1] | locks [[1], [0, 3], [2, 5], [4, 7], [6]]
0133120032213233220023030301110120111013 | target [2, 0, 3, 1, 0, 2, 1, 3] | released [2, 0, 3, 1, 0, 2, 1, 3] | locks [[0], [1], [3], [5], [2, 7], [4], [6]]
0111213303302000111021110112121202020330 | target [0, 1, 1, 2, 2, 3, 3, 0] | released [0, 1, 1, 2, 2, 3, 3, 0] | locks [[1], [3], [0], [2], [4], [5, 6], [7]]
1033230203310021313310222212221213032110 | target [2, 1, 3, 2, 0, 3, 1, 0] | released [2, 1, 3, 2, 0, 3, 1, 0] | locks [[0], [1], [3], [2, 5], [4, 7], [6]]
2203302202221001122200003123203313121033 | target [0, 0, 1, 1, 2, 2, 3, 3] | released [0, 0, 1, 1, 2, 2, 3, 3] | locks [[0, 1], [2, 3], [4, 5], [6, 7]]
0211030333322321121301222033202000111022 | target [3, 3, 0, 0, 1, 1, 2, 2] | released [3, 3, 0, 0, 1, 1, 2, 2] | locks [[0, 1], [2, 3], [4, 5], [6, 7]]
0021231301201230332022013101102102111130 | target [0, 1, 1, 2, 2, 3, 3, 0] | released [0, 1, 1, 2, 2, 3, 3, 0] | locks [[1], [3], [0], [2], [4], [5, 6], [7]]
2023333002232201330010130133112133332230 | target [0, 1, 1, 2, 2, 3, 3, 0] | released [0, 1, 1, 2, 2, 3, 3, 0] | locks [[1], [3], [0], [2], [4], [5, 6], [7]]
0133202232122220132122111103222203113132 | target [0, 3, 1, 0, 2, 1, 3, 2] | released [0, 3, 1, 0, 2, 1, 3, 2] | locks [[0], [2], [4], [1, 6], [3], [5], [7]]
0232223302101013033133311123310122110202 | target [1, 3, 2, 0, 3, 1, 0, 2] | released [1, 3, 2, 0, 3, 1, 0, 2] | locks [[0], [2], [1, 4], [3, 6], [5], [7]]
3222311223010033130312202021000301312130 | target [0, 1, 1, 2, 2, 3, 3, 0] | released [0, 1, 1, 2, 2, 3, 3, 0] | locks [[1], [3], [0], [2], [4], [5, 6], [7]]
1313231302031231330011221031132310303330 | target [0, 1, 1, 2, 2, 3, 3, 0] | released [0, 1, 1, 2, 2, 3, 3, 0] | locks [[1], [3], [0], [2], [4], [5, 6], [7]]
2312331023222111131101011331121123013110 | target [2, 1, 3, 2, 0, 3, 1, 0] | released [2, 1, 3, 2, 0, 3, 1, 0] | locks [[0], [1], [3], [2, 5], [4, 7], [6]]
3012103103302013012303332003313022200221 | target [3, 2, 0, 3, 1, 0, 2, 1] | released [3, 2, 0, 3, 1, 0, 2, 1] | locks [[1], [0, 3], [2, 5], [4, 7], [6]]
1000312211212330212131200301010232111132 | target [0, 3, 1, 0, 2, 1, 3, 2] | released [0, 3, 1, 0, 2, 1, 3, 2] | locks [[0], [2], [4], [1, 6], [3], [5], [7]]
2300010102113200023311300003210010133012 | target [2, 3, 3, 0, 0, 1, 1, 2] | released [2, 3, 3, 0, 0, 1, 1, 2] | locks [[0], [1, 2], [3, 4], [5, 6], [7]]
0022313000203213332020320212331300211020 | target [3, 1, 0, 2, 1, 3, 2, 0] | released [3, 1, 0, 2, 1, 3, 2, 0] | locks [[1], [3], [0, 5], [2, 7], [4], [6]]
1130112330011132000133320221011312210232 | target [0, 3, 1, 0, 2, 1, 3, 2] | released [0, 3, 1, 0, 2, 1, 3, 2] | locks [[0], [2], [4], [1, 6], [3], [5], [7]]
1203312113020123222332233132110012202013 | target [2, 0, 3, 1, 0, 2, 1, 3] | released [2, 0, 3, 1, 0, 2, 1, 3] | locks [[0], [1], [3], [5], [2, 7], [4], [6]]
3023321322133230112333033210320221120213 | target [2, 0, 3, 1, 0, 2, 1, 3] | released [2, 0, 3, 1, 0, 2, 1, 3] | locks [[0], [1], [3], [5], [2, 7], [4], [6]]
0310123321213233022032222300222121300231 | target [0, 2, 1, 3, 2, 0, 3, 1] | released [0, 2, 1, 3, 2, 0, 3, 1] | locks [[1], [0], [2], [4], [3, 6], [5], [7]]
1221033011313301021210212231110033021011 | target [2, 2, 3, 3, 0, 0, 1, 1] | released [2, 2, 3, 3, 0, 0, 1, 1] | locks [[0, 1], [2, 3], [4, 5], [6, 7]]
1232300210132033210001320100032120213310 | target [2, 1, 3, 2, 0, 3, 1, 0] | released [2, 1, 3, 2, 0, 3, 1, 0] | locks [[0], [1], [3], [2, 5], [4, 7], [6]]
0210031323202231101302330303213310003120 | target [3, 1, 0, 2, 1, 3, 2, 0] | released [3, 1, 0, 2, 1, 3, 2, 0] | locks [[1], [3], [0, 5], [2, 7], [4], [6]]
2203221230111101202112210300123100101203 | target [1, 0, 2, 1, 3, 2, 0, 3] | released [1, 0, 2, 1, 3, 2, 0, 3] | locks [[0], [2], [1], [3], [5], [4, 7], [6]]
1203301211223022003011310310001120103303 | target [1, 0, 2, 1, 3, 2, 0, 3] | released [1, 0, 2, 1, 3, 2, 0, 3] | locks [[0], [2], [1], [3], [5], [4, 7], [6]]
1332122023023210301200101311201212202332 | target [0, 3, 1, 0, 2, 1, 3, 2] | released [0, 3, 1, 0, 2, 1, 3, 2] | locks [[0], [2], [4], [1, 6], [3], [5], [7]]
2233121232123012003223302131100222121130 | target [0, 1, 1, 2, 2, 3, 3, 0] | released [0, 1, 1, 2, 2, 3, 3, 0] | locks [[1], [3], [0], [2], [4], [5, 6], [7]]
2012031022222010212112220111122202313121 | target [3, 2, 0, 3, 1, 0, 2, 1] | released [3, 2, 0, 3, 1, 0, 2, 1] | locks [[1], [0, 3], [2, 5], [4, 7], [6]]
0223023121032332130302002230121133002021 | target [3, 2, 0, 3, 1, 0, 2, 1] | released [3, 2, 0, 3, 1, 0, 2, 1] | locks [[1], [0, 3], [2, 5], [4, 7], [6]]
2130122012102122130211333130201112200302 | target [1, 3, 2, 0, 3, 1, 0, 2] | released [1, 3, 2, 0, 3, 1, 0, 2] | locks [[0], [2], [1, 4], [3, 6], [5], [7]]
0231012301030131120123301302002333323211 | target [2, 2, 3, 3, 0, 0, 1, 1] | released [2, 2, 3, 3, 0, 0, 1, 1] | locks [[0, 1], [2, 3], [4, 5], [6, 7]]
3032121222230130300030100323223233311301 | target [1, 2, 2, 3, 3, 0, 0, 1] | released [1, 2, 2, 3, 3, 0, 0, 1] | locks [[1], [0], [2], [3, 4], [5, 6], [7]]
2020233220331200011322023332120322012223 | target [3, 0, 0, 1, 1, 2, 2, 3] | released [3, 0, 0, 1, 1, 2, 2, 3] | locks [[1], [3], [5], [0, 7], [2], [4], [6]]
3312131000002203010330011232230132022013 | target [2, 0, 3, 1, 0, 2, 1, 3] | released [2, 0, 3, 1, 0, 2, 1, 3] | locks [[0], [1], [3], [5], [2, 7], [4], [6]]
0000103102200333330131332121223101202313 | target [2, 0, 3, 1, 0, 2, 1, 3] | released [2, 0, 3, 1, 0, 2, 1, 3] | locks [[0], [1], [3], [5], [2, 7], [4], [6]]
2132220131032003231022011323030311223020 | target [3, 1, 0, 2, 1, 3, 2, 0] | released [3, 1, 0, 2, 1, 3, 2, 0] | locks [[1], [3], [0, 5], [2, 7], [4], [6]]
3312020120231210312100033221323112211311 | target [2, 2, 3, 3, 0, 0, 1, 1] | released [2, 2, 3, 3, 0, 0, 1, 1] | locks [[0, 1], [2, 3], [4, 5], [6, 7]]
1221213211210102021332021301202101030231 | target [0, 2, 1, 3, 2, 0, 3, 1] | released [0, 2, 1, 3, 2, 0, 3, 1] | locks [[1], [0], [2], [4], [3, 6], [5], [7]]
1303122332002013013321302322000022112113 | target [2, 0, 3, 1, 0, 2, 1, 3] | released [2, 0, 3, 1, 0, 2, 1, 3] | locks [[0], [1], [3], [5], [2, 7], [4], [6]]
0212010132302130321301203102020130333010 | target [2, 1, 3, 2, 0, 3, 1, 0] | released [2, 1, 3, 2, 0, 3, 1, 0] | locks [[0], [1], [3], [2, 5], [4, 7], [6]]
0313122320031101201323321113300120201001 | target [1, 2, 2, 3, 3, 0, 0, 1] | released [1, 2, 2, 3, 3, 0, 0, 1] | locks [[1], [0], [2], [3, 4], [5, 6], [7]]
0210022031213023203231310000201132121033 | target [0, 0, 1, 1, 2, 2, 3, 3] | released [0, 0, 1, 1, 2, 2, 3, 3] | locks [[0, 1], [2, 3], [4, 5], [6, 7]]
2111213011112202332233023201323100113120 | target [3, 1, 0, 2, 1, 3, 2, 0] | released [3, 1, 0, 2, 1, 3, 2, 0] | locks [[1], [3], [0, 5], [2, 7], [4], [6]]
3303002221233122023121103200133300311201 | target [1, 2, 2, 3, 3, 0, 0, 1] | released [1, 2, 2, 3, 3, 0, 0, 1] | locks [[1], [0], [2], [3, 4], [5, 6], [7]]
1201231111112103201033120000121331021102 | target [1, 3, 2, 0, 3, 1, 0, 2] | released [1, 3, 2, 0, 3, 1, 0, 2] | locks [[0], [2], [1, 4], [3, 6], [5], [7]]
1131002313220300210020103223002000230100 | target [1, 1, 2, 2, 3, 3, 0, 0] | released [1, 1, 2, 2, 3, 3, 0, 0] | locks [[0, 1], [2, 3], [4, 5], [6, 7]]
0201311222310302101312011022132132311302 | target [1, 3, 2, 0, 3, 1, 0, 2] | released [1, 3, 2, 0, 3, 1, 0, 2] | locks [[0], [2], [1, 4], [3, 6], [5], [7]]
3120330030220020110322022212002322000312 | target [2, 3, 3, 0, 0, 1, 1, 2] | released [2, 3, 3, 0, 0, 1, 1, 2] | locks [[0], [1, 2], [3, 4], [5, 6], [7]]
0330230112000131300001102313020011223122 | target [3, 3, 0, 0, 1, 1, 2, 2] | released [3, 3, 0, 0, 1, 1, 2, 2] | locks [[0, 1], [2, 3], [4, 5], [6, 7]]
2301210121333313311331003012303103212111 | target [2, 2, 3, 3, 0, 0, 1, 1] | released [2, 2, 3, 3, 0, 0, 1, 1] | locks [[0, 1], [2, 3], [4, 5], [6, 7]]
2133203203200121000121003312101121123003 | target [1, 0, 2, 1, 3, 2, 0, 3] | released [1, 0, 2, 1, 3, 2, 0, 3] | locks [[0], [2], [1], [3], [5], [4, 7], [6]]
1303123112132013200030211202200301110022 | target [3, 3, 0, 0, 1, 1, 2, 2] | released [3, 3, 0, 0, 1, 1, 2, 2] | locks [[0, 1], [2, 3], [4, 5], [6, 7]]
0130223303132311233100130203333221110322 | target [3, 3, 0, 0, 1, 1, 2, 2] | released [3, 3, 0, 0, 1, 1, 2, 2] | locks [[0, 1], [2, 3], [4, 5], [6, 7]]
3332233312023100220310200201111100011212 | target [2, 3, 3, 0, 0, 1, 1, 2] | released [2, 3, 3, 0, 0, 1, 1, 2] | locks [[0], [1, 2], [3, 4], [5, 6], [7]]
1111320021113133213233211030033311323323 | target [3, 0, 0, 1, 1, 2, 2, 3] | released [3, 0, 0, 1, 1, 2, 2, 3] | locks [[1], [3], [5], [0, 7], [2], [4], [6]]
3203301320230002301301130013201130232203 | target [1, 0, 2, 1, 3, 2, 0, 3] | released [1, 0, 2, 1, 3, 2, 0, 3] | locks [[0], [2], [1], [3], [5], [4, 7], [6]]
2201032201011320013122110000012121022233 | target [0, 0, 1, 1, 2, 2, 3, 3] | released [0, 0, 1, 1, 2, 2, 3, 3] | locks [[0, 1], [2, 3], [4, 5], [6, 7]]
1231202310202303331022332031032012310100 | target [1, 1, 2, 2, 3, 3, 0, 0] | released [1, 1, 2, 2, 3, 3, 0, 0] | locks [[0, 1], [2, 3], [4, 5], [6, 7]]
0312233121222130132310013212011012221012 | target [2, 3, 3, 0, 0, 1, 1, 2] | released [2, 3, 3, 0, 0, 1, 1, 2] | locks [[0], [1, 2], [3, 4], [5, 6], [7]]
2322201202010201322312221112301030203022 | target [3, 3, 0, 0, 1, 1, 2, 2] | released [3, 3, 0, 0, 1, 1, 2, 2] | locks [[0, 1], [2, 3], [4, 5], [6, 7]]
0122100333123220331311323123203112322022 | target [3, 3, 0, 0, 1, 1, 2, 2] | released [3, 3, 0, 0, 1, 1, 2, 2] | locks [[0, 1], [2, 3], [4, 5], [6, 7]]
3013130123312321332002013103113113312233 | target [0, 0, 1, 1, 2, 2, 3, 3] | released [0, 0, 1, 1, 2, 2, 3, 3] | locks [[0, 1], [2, 3], [4, 5], [6, 7]]
1002123113231121223321210212312203300303 | target [1, 0, 2, 1, 3, 2, 0, 3] | released [1, 0, 2, 1, 3, 2, 0, 3] | locks [[0], [2], [1], [3], [5], [4, 7], [6]]
2220221110213011202130333211100203222102 | target [1, 3, 2, 0, 3, 1, 0, 2] | released [1, 3, 2, 0, 3, 1, 0, 2] | locks [[0], [2], [1, 4], [3, 6], [5], [7]]
2002231122020111023311103201212032220302 | target [1, 3, 2, 0, 3, 1, 0, 2] | released [1, 3, 2, 0, 3, 1, 0, 2] | locks [[0], [2], [1, 4], [3, 6], [5], [7]]
1110313321121111203010012010332113233120 | target [3, 1, 0, 2, 1, 3, 2, 0] | released [3, 1, 0, 2, 1, 3, 2, 0] | locks [[1], [3], [0, 5], [2, 7], [4], [6]]
1202130010013303110033333101111230330313 | target [2, 0, 3, 1, 0, 2, 1, 3] | released [2, 0, 3, 1, 0, 2, 1, 3] | locks [[0], [1], [3], [5], [2, 7], [4], [6]]
1313332202032031032330211222313030311302 | target [1, 3, 2, 0, 3, 1, 0, 2] | released [1, 3, 2, 0, 3, 1, 0, 2] | locks [[0], [2], [1, 4], [3, 6], [5], [7]]
0103333013203130123132103112003211103023 | target [3, 0, 0, 1, 1, 2, 2, 3] | released [3, 0, 0, 1, 1, 2, 2, 3] | locks [[1], [3], [5], [0, 7], [2], [4], [6]]
2321211222001313102300221031012311003133 | target [0, 0, 1, 1, 2, 2, 3, 3] | released [0, 0, 1, 1, 2, 2, 3, 3] | locks [[0, 1], [2, 3], [4, 5], [6, 7]]
0313233030030220302111130330312323000022 | target [3, 3, 0, 0, 1, 1, 2, 2] | released [3, 3, 0, 0, 1, 1, 2, 2] | locks [[0, 1], [2, 3], [4, 5], [6, 7]]
2113103003232201221121003101111012232303 | target [1, 0, 2, 1, 3, 2, 0, 3] | released [1, 0, 2, 1, 3, 2, 0, 3] | locks [[0], [2], [1], [3], [5], [4, 7], [6]]
0013121000232303200031321211312033333032 | target [0, 3, 1, 0, 2, 1, 3, 2] | released [0, 3, 1, 0, 2, 1, 3, 2] | locks [[0], [2], [4], [1, 6], [3], [5], [7]]
3131123033200122200021222031313101030212 | target [2, 3, 3, 0, 0, 1, 1, 2] | released [2, 3, 3, 0, 0, 1, 1, 2] | locks [[0], [1, 2], [3, 4], [5, 6], [7]]
2222101310031332121030131301020101221012 | target [2, 3, 3, 0, 0, 1, 1, 2] | released [2, 3, 3, 0, 0, 1, 1, 2] | locks [[0], [1, 2], [3, 4], [5, 6], [7]]
1202012021220131201120022033031323132201 | target [1, 2, 2, 3, 3, 0, 0, 1] | released [1, 2, 2, 3, 3, 0, 0, 1] | locks [[1], [0], [2], [3, 4], [5, 6], [7]]
1211331130022100322303132031133200101020 | target [3, 1, 0, 2, 1, 3, 2, 0] | released [3, 1, 0, 2, 1, 3, 2, 0] | locks [[1], [3], [0, 5], [2, 7], [4], [6]]
2032133011031223103002012020111303032321 | target [3, 2, 0, 3, 1, 0, 2, 1] | released [3, 2, 0, 3, 1, 0, 2, 1] | locks [[1], [0, 3], [2, 5], [4, 7], [6]]
1011332031232212222200211030333112033030 | target [0, 1, 1, 2, 2, 3, 3, 0] | released [0, 1, 1, 2, 2, 3, 3, 0] | locks [[1], [3], [0], [2], [4], [5, 6], [7]]
0000011311212230211231133303312233200302 | target [1, 3, 2, 0, 3, 1, 0, 2] | released [1, 3, 2, 0, 3, 1, 0, 2] | locks [[0], [2], [1, 4], [3, 6], [5], [7]]
2221122232101021030220230210303311022001 | target [1, 2, 2, 3, 3, 0, 0, 1] | released [1, 2, 2, 3, 3, 0, 0, 1] | locks [[1], [0], [2], [3, 4], [5, 6], [7]]
0213231301311110113332233021211302023323 | target [3, 0, 0, 1, 1, 2, 2, 3] | released [3, 0, 0, 1, 1, 2, 2, 3] | locks [[1], [3], [5], [0, 7], [2], [4], [6]]
2010113112113033310231321122330001320123 | target [3, 0, 0, 1, 1, 2, 2, 3] | released [3, 0, 0, 1, 1, 2, 2, 3] | locks [[1], [3], [5], [0, 7], [2], [4], [6]]
0131220002021101120230221211332220332102 | target [1, 3, 2, 0, 3, 1, 0, 2] | released [1, 3, 2, 0, 3, 1, 0, 2] | locks [[0], [2], [1, 4], [3, 6], [5], [7]]
1321033113031311121100202000030133311322 | target [3, 3, 0, 0, 1, 1, 2, 2] | released [3, 3, 0, 0, 1, 1, 2, 2] | locks [[0, 1], [2, 3], [4, 5], [6, 7]]
2211303112121201223333311313012332231302 | target [1, 3, 2, 0, 3, 1, 0, 2] | released [1, 3, 2, 0, 3, 1, 0, 2] | locks [[0], [2], [1, 4], [3, 6], [5], [7]]
2122312201323020132032323301101022312012 | target [2, 3, 3, 0, 0, 1, 1, 2] | released [2, 3, 3, 0, 0, 1, 1, 2] | locks [[0], [1, 2], [3, 4], [5, 6], [7]]
3133001201113011202133121231133021103122 | target [3, 3, 0, 0, 1, 1, 2, 2] | released [3, 3, 0, 0, 1, 1, 2, 2] | locks [[0, 1], [2, 3], [4, 5], [6, 7]]
2302120222130133323321023122031220010031 | target [0, 2, 1, 3, 2, 0, 3, 1] | released [0, 2, 1, 3, 2, 0, 3, 1] | locks [[1], [0], [2], [4], [3, 6], [5], [7]]
1023211122320003133032301000312013330111 | target [2, 2, 3, 3, 0, 0, 1, 1] | released [2, 2, 3, 3, 0, 0, 1, 1] | locks [[0, 1], [2, 3], [4, 5], [6, 7]]
3201001003301100103121321133003331230211 | target [2, 2, 3, 3, 0, 0, 1, 1] | released [2, 2, 3, 3, 0, 0, 1, 1] | locks [[0, 1], [2, 3], [4, 5], [6, 7]]
3033112331233101300300323233000220021320 | target [3, 1, 0, 2, 1, 3, 2, 0] | released [3, 1, 0, 2, 1, 3, 2, 0] | locks [[1], [3], [0, 5], [2, 7], [4], [6]]
3210311312320001223333223121312310021110 | target [2, 1, 3, 2, 0, 3, 1, 0] | released [2, 1, 3, 2, 0, 3, 1, 0] | locks [[0], [1], [3], [2, 5], [4, 7], [6]]
2312130213222031223112110220310110220311 | target [2, 2, 3, 3, 0, 0, 1, 1] | released [2, 2, 3, 3, 0, 0, 1, 1] | locks [[0, 1], [2, 3], [4, 5], [6, 7]]
3103232033323311312313323133220312010220 | target [3, 1, 0, 2, 1, 3, 2, 0] | released [3, 1, 0, 2, 1, 3, 2, 0] | locks [[1], [3], [0, 5], [2, 7], [4], [6]]
0331131121113122310121300300113211312100 | target [1, 1, 2, 2, 3, 3, 0, 0] | released [1, 1, 2, 2, 3, 3, 0, 0] | locks [[0, 1], [2, 3], [4, 5], [6, 7]]
2201323001030110311222103012200310202220 | target [3, 1, 0, 2, 1, 3, 2, 0] | released [3, 1, 0, 2, 1, 3, 2, 0] | locks [[1], [3], [0, 5], [2, 7], [4], [6]]
1221012003003322213031312132112122021220 | target [3, 1, 0, 2, 1, 3, 2, 0] | released [3, 1, 0, 2, 1, 3, 2, 0] | locks [[1], [3], [0, 5], [2, 7], [4], [6]]
2110023203231110013313011303330221301102 | target [1, 3, 2, 0, 3, 1, 0, 2] | released [1, 3, 2, 0, 3, 1, 0, 2] | locks [[0], [2], [1, 4], [3, 6], [5], [7]]
2031103102131031032130120231110030313031 | target [0, 2, 1, 3, 2, 0, 3, 1] | released [0, 2, 1, 3, 2, 0, 3, 1] | locks [[1], [0], [2], [4], [3, 6], [5], [7]]
1212203133212023211130232012221330313200 | target [1, 1, 2, 2, 3, 3, 0, 0] | released [1, 1, 2, 2, 3, 3, 0, 0] | locks [[0, 1], [2, 3], [4, 5], [6, 7]]
1330001012113322330301033303003022113301 | target [1, 2, 2, 3, 3, 0, 0, 1] | released [1, 2, 2, 3, 3, 0, 0, 1] | locks [[1], [0], [2], [3, 4], [5, 6], [7]]
2230020122003202333330321320122302210332 | target [0, 3, 1, 0, 2, 1, 3, 2] | released [0, 3, 1, 0, 2, 1, 3, 2] | locks [[0], [2], [4], [1, 6], [3], [5], [7]]
1103213032023020220233331132212332132130 | target [0, 1, 1, 2, 2, 3, 3, 0] | released [0, 1, 1, 2, 2, 3, 3, 0] | locks [[1], [3], [0], [2], [4], [5, 6], [7]]
2103220311030032010122113311113232030331 | target [0, 2, 1, 3, 2, 0, 3, 1] | released [0, 2, 1, 3, 2, 0, 3, 1] | locks [[1], [0], [2], [4], [3, 6], [5], [7]]
0201321232320013011131323133220121011100 | target [1, 1, 2, 2, 3, 3, 0, 0] | released [1, 1, 2, 2, 3, 3, 0, 0] | locks [[0, 1], [2, 3], [4, 5], [6, 7]]
0332313200122022111011023113233320222212 | target [2, 3, 3, 0, 0, 1, 1, 2] | released [2, 3, 3, 0, 0, 1, 1, 2] | locks [[0], [1, 2], [3, 4], [5, 6], [7]]
1230312021112330303311112022232033100333 | target [0, 0, 1, 1, 2, 2, 3, 3] | released [0, 0, 1, 1, 2, 2, 3, 3] | locks [[0, 1], [2, 3], [4, 5], [6, 7]]
2102303030121010003012202203123103323221 | target [3, 2, 0, 3, 1, 0, 2, 1] | released [3, 2, 0, 3, 1, 0, 2, 1] | locks [[1], [0, 3], [2, 5], [4, 7], [6]]
3131321130203213032320022333313020023331 | target [0, 2, 1, 3, 2, 0, 3, 1] | released [0, 2, 1, 3, 2, 0, 3, 1] | locks [[1], [0], [2], [4], [3, 6], [5], [7]]
2312110213313023113001330022221102000130 | target [0, 1, 1, 2, 2, 3, 3, 0] | released [0, 1, 1, 2, 2, 3, 3, 0] | locks [[1], [3], [0], [2], [4], [5, 6], [7]]
2130122213013012233123312301311012102102 | target [1, 3, 2, 0, 3, 1, 0, 2] | released [1, 3, 2, 0, 3, 1, 0, 2] | locks [[0], [2], [1, 4], [3, 6], [5], [7]]
2132023132030132111323211213101313131031 | target [0, 2, 1, 3, 2, 0, 3, 1] | released [0, 2, 1, 3, 2, 0, 3, 1] | locks [[1], [0], [2], [4], [3, 6], [5], [7]]
0010220322112212120321120210232010311303 | target [1, 0, 2, 1, 3, 2, 0, 3] | released [1, 0, 2, 1, 3, 2, 0, 3] | locks [[0], [2], [1], [3], [5], [4, 7], [6]]
1000220230003112313022222332021121331230 | target [0, 1, 1, 2, 2, 3, 3, 0] | released [0, 1, 1, 2, 2, 3, 3, 0] | locks [[1], [3], [0], [2], [4], [5, 6], [7]]
0202200302011213132020332322221003320200 | target [1, 1, 2, 2, 3, 3, 0, 0] | released [1, 1, 2, 2, 3, 3, 0, 0] | locks [[0, 1], [2, 3], [4, 5], [6, 7]]
2202302222233311003031101221323331033103 | target [1, 0, 2, 1, 3, 2, 0, 3] | released [1, 0, 2, 1, 3, 2, 0, 3] | locks [[0], [2], [1], [3], [5], [4, 7], [6]]
2101210202112002122002103111000002311030 | target [0, 1, 1, 2, 2, 3, 3, 0] | released [0, 1, 1, 2, 2, 3, 3, 0] | locks [[1], [3], [0], [2], [4], [5, 6], [7]]
0013231112220321233102022221220020103132 | target [0, 3, 1, 0, 2, 1, 3, 2] | released [0, 3, 1, 0, 2, 1, 3, 2] | locks [[0], [2], [4], [1, 6], [3], [5], [7]]
3201310312221102132120012133222231220111 | target [2, 2, 3, 3, 0, 0, 1, 1] | released [2, 2, 3, 3, 0, 0, 1, 1] | locks [[0, 1], [2, 3], [4, 5], [6, 7]]
0023313230023331112031032012122003113333 | target [0, 0, 1, 1, 2, 2, 3, 3] | released [0, 0, 1, 1, 2, 2, 3, 3] | locks [[0, 1], [2, 3], [4, 5], [6, 7]]
3211201003231103131301022203000202021333 | target [0, 0, 1, 1, 2, 2, 3, 3] | released [0, 0, 1, 1, 2, 2, 3, 3] | locks [[0, 1], [2, 3], [4, 5], [6, 7]]
2111310133211211120233323133133310321210 | target [2, 1, 3, 2, 0, 3, 1, 0] | released [2, 1, 3, 2, 0, 3, 1, 0] | locks [[0], [1], [3], [2, 5], [4, 7], [6]]
== keys-lossless on order2, seed 2026093033
1300300130121131102010000331003112211010 | target [2, 1, 3, 2, 0, 3, 1, 0] | released [2, 1, 3, 2, 0, 3, 1, 0] | locks [[0], [1], [3], [2, 5], [4, 7], [6]]
3032121001221112130000232003233020210313 | target [2, 0, 3, 1, 0, 2, 1, 3] | released [2, 0, 3, 1, 0, 2, 1, 3] | locks [[0], [1], [3], [5], [2, 7], [4], [6]]
1222230031101201020121232003002011021020 | target [3, 1, 0, 2, 1, 3, 2, 0] | released [3, 1, 0, 2, 1, 3, 2, 0] | locks [[1], [3], [0, 5], [2, 7], [4], [6]]
0121101202210021210211331103121023301032 | target [0, 3, 1, 0, 2, 1, 3, 2] | released [0, 3, 1, 0, 2, 1, 3, 2] | locks [[0], [2], [4], [1, 6], [3], [5], [7]]
2303333332220303031320310313320110220021 | target [3, 2, 0, 3, 1, 0, 2, 1] | released [3, 2, 0, 3, 1, 0, 2, 1] | locks [[1], [0, 3], [2, 5], [4, 7], [6]]
0133120032213233220023030301110120111013 | target [2, 0, 3, 1, 0, 2, 1, 3] | released [2, 0, 3, 1, 0, 2, 1, 3] | locks [[0], [1], [3], [5], [2, 7], [4], [6]]
0111213303302000111021110112121202020330 | target [0, 1, 1, 2, 2, 3, 3, 0] | released [0, 1, 1, 2, 2, 3, 3, 0] | locks [[1], [3], [0], [2], [4], [5, 6], [7]]
1033230203310021313310222212221213032110 | target [2, 1, 3, 2, 0, 3, 1, 0] | released [2, 1, 3, 2, 0, 3, 1, 0] | locks [[0], [1], [3], [2, 5], [4, 7], [6]]
2203302202221001122200003123203313121033 | target [0, 0, 1, 1, 2, 2, 3, 3] | released [0, 0, 1, 1, 2, 2, 3, 3] | locks [[0, 1], [2, 3], [4, 5], [6, 7]]
0211030333322321121301222033202000111022 | target [3, 3, 0, 0, 1, 1, 2, 2] | released [3, 3, 0, 0, 1, 1, 2, 2] | locks [[0, 1], [2, 3], [4, 5], [6, 7]]
0021231301201230332022013101102102111130 | target [0, 1, 1, 2, 2, 3, 3, 0] | released [0, 1, 1, 2, 2, 3, 3, 0] | locks [[1], [3], [0], [2], [4], [5, 6], [7]]
2023333002232201330010130133112133332230 | target [0, 1, 1, 2, 2, 3, 3, 0] | released [0, 1, 1, 2, 2, 3, 3, 0] | locks [[1], [3], [0], [2], [4], [5, 6], [7]]
0133202232122220132122111103222203113132 | target [0, 3, 1, 0, 2, 1, 3, 2] | released [0, 3, 1, 0, 2, 1, 3, 2] | locks [[0], [2], [4], [1, 6], [3], [5], [7]]
0232223302101013033133311123310122110202 | target [1, 3, 2, 0, 3, 1, 0, 2] | released [1, 3, 2, 0, 3, 1, 0, 2] | locks [[0], [2], [1, 4], [3, 6], [5], [7]]
3222311223010033130312202021000301312130 | target [0, 1, 1, 2, 2, 3, 3, 0] | released [0, 1, 1, 2, 2, 3, 3, 0] | locks [[1], [3], [0], [2], [4], [5, 6], [7]]
1313231302031231330011221031132310303330 | target [0, 1, 1, 2, 2, 3, 3, 0] | released [0, 1, 1, 2, 2, 3, 3, 0] | locks [[1], [3], [0], [2], [4], [5, 6], [7]]
2312331023222111131101011331121123013110 | target [2, 1, 3, 2, 0, 3, 1, 0] | released [2, 1, 3, 2, 0, 3, 1, 0] | locks [[0], [1], [3], [2, 5], [4, 7], [6]]
3012103103302013012303332003313022200221 | target [3, 2, 0, 3, 1, 0, 2, 1] | released [3, 2, 0, 3, 1, 0, 2, 1] | locks [[1], [0, 3], [2, 5], [4, 7], [6]]
1000312211212330212131200301010232111132 | target [0, 3, 1, 0, 2, 1, 3, 2] | released [0, 3, 1, 0, 2, 1, 3, 2] | locks [[0], [2], [4], [1, 6], [3], [5], [7]]
2300010102113200023311300003210010133012 | target [2, 3, 3, 0, 0, 1, 1, 2] | released [2, 3, 3, 0, 0, 1, 1, 2] | locks [[0], [1, 2], [3, 4], [5, 6], [7]]
0022313000203213332020320212331300211020 | target [3, 1, 0, 2, 1, 3, 2, 0] | released [3, 1, 0, 2, 1, 3, 2, 0] | locks [[1], [3], [0, 5], [2, 7], [4], [6]]
1130112330011132000133320221011312210232 | target [0, 3, 1, 0, 2, 1, 3, 2] | released [0, 3, 1, 0, 2, 1, 3, 2] | locks [[0], [2], [4], [1, 6], [3], [5], [7]]
1203312113020123222332233132110012202013 | target [2, 0, 3, 1, 0, 2, 1, 3] | released [2, 0, 3, 1, 0, 2, 1, 3] | locks [[0], [1], [3], [5], [2, 7], [4], [6]]
3023321322133230112333033210320221120213 | target [2, 0, 3, 1, 0, 2, 1, 3] | released [2, 0, 3, 1, 0, 2, 1, 3] | locks [[0], [1], [3], [5], [2, 7], [4], [6]]
0310123321213233022032222300222121300231 | target [0, 2, 1, 3, 2, 0, 3, 1] | released [0, 2, 1, 3, 2, 0, 3, 1] | locks [[1], [0], [2], [4], [3, 6], [5], [7]]
1221033011313301021210212231110033021011 | target [2, 2, 3, 3, 0, 0, 1, 1] | released [2, 2, 3, 3, 0, 0, 1, 1] | locks [[0, 1], [2, 3], [4, 5], [6, 7]]
1232300210132033210001320100032120213310 | target [2, 1, 3, 2, 0, 3, 1, 0] | released [2, 1, 3, 2, 0, 3, 1, 0] | locks [[0], [1], [3], [2, 5], [4, 7], [6]]
0210031323202231101302330303213310003120 | target [3, 1, 0, 2, 1, 3, 2, 0] | released [3, 1, 0, 2, 1, 3, 2, 0] | locks [[1], [3], [0, 5], [2, 7], [4], [6]]
2203221230111101202112210300123100101203 | target [1, 0, 2, 1, 3, 2, 0, 3] | released [1, 0, 2, 1, 3, 2, 0, 3] | locks [[0], [2], [1], [3], [5], [4, 7], [6]]
1203301211223022003011310310001120103303 | target [1, 0, 2, 1, 3, 2, 0, 3] | released [1, 0, 2, 1, 3, 2, 0, 3] | locks [[0], [2], [1], [3], [5], [4, 7], [6]]
1332122023023210301200101311201212202332 | target [0, 3, 1, 0, 2, 1, 3, 2] | released [0, 3, 1, 0, 2, 1, 3, 2] | locks [[0], [2], [4], [1, 6], [3], [5], [7]]
2233121232123012003223302131100222121130 | target [0, 1, 1, 2, 2, 3, 3, 0] | released [0, 1, 1, 2, 2, 3, 3, 0] | locks [[1], [3], [0], [2], [4], [5, 6], [7]]
2012031022222010212112220111122202313121 | target [3, 2, 0, 3, 1, 0, 2, 1] | released [3, 2, 0, 3, 1, 0, 2, 1] | locks [[1], [0, 3], [2, 5], [4, 7], [6]]
0223023121032332130302002230121133002021 | target [3, 2, 0, 3, 1, 0, 2, 1] | released [3, 2, 0, 3, 1, 0, 2, 1] | locks [[1], [0, 3], [2, 5], [4, 7], [6]]
2130122012102122130211333130201112200302 | target [1, 3, 2, 0, 3, 1, 0, 2] | released [1, 3, 2, 0, 3, 1, 0, 2] | locks [[0], [2], [1, 4], [3, 6], [5], [7]]
0231012301030131120123301302002333323211 | target [2, 2, 3, 3, 0, 0, 1, 1] | released [2, 2, 3, 3, 0, 0, 1, 1] | locks [[0, 1], [2, 3], [4, 5], [6, 7]]
3032121222230130300030100323223233311301 | target [1, 2, 2, 3, 3, 0, 0, 1] | released [1, 2, 2, 3, 3, 0, 0, 1] | locks [[1], [0], [2], [3, 4], [5, 6], [7]]
2020233220331200011322023332120322012223 | target [3, 0, 0, 1, 1, 2, 2, 3] | released [3, 0, 0, 1, 1, 2, 2, 3] | locks [[1], [3], [5], [0, 7], [2], [4], [6]]
3312131000002203010330011232230132022013 | target [2, 0, 3, 1, 0, 2, 1, 3] | released [2, 0, 3, 1, 0, 2, 1, 3] | locks [[0], [1], [3], [5], [2, 7], [4], [6]]
0000103102200333330131332121223101202313 | target [2, 0, 3, 1, 0, 2, 1, 3] | released [2, 0, 3, 1, 0, 2, 1, 3] | locks [[0], [1], [3], [5], [2, 7], [4], [6]]
2132220131032003231022011323030311223020 | target [3, 1, 0, 2, 1, 3, 2, 0] | released [3, 1, 0, 2, 1, 3, 2, 0] | locks [[1], [3], [0, 5], [2, 7], [4], [6]]
3312020120231210312100033221323112211311 | target [2, 2, 3, 3, 0, 0, 1, 1] | released [2, 2, 3, 3, 0, 0, 1, 1] | locks [[0, 1], [2, 3], [4, 5], [6, 7]]
1221213211210102021332021301202101030231 | target [0, 2, 1, 3, 2, 0, 3, 1] | released [0, 2, 1, 3, 2, 0, 3, 1] | locks [[1], [0], [2], [4], [3, 6], [5], [7]]
1303122332002013013321302322000022112113 | target [2, 0, 3, 1, 0, 2, 1, 3] | released [2, 0, 3, 1, 0, 2, 1, 3] | locks [[0], [1], [3], [5], [2, 7], [4], [6]]
0212010132302130321301203102020130333010 | target [2, 1, 3, 2, 0, 3, 1, 0] | released [2, 1, 3, 2, 0, 3, 1, 0] | locks [[0], [1], [3], [2, 5], [4, 7], [6]]
0313122320031101201323321113300120201001 | target [1, 2, 2, 3, 3, 0, 0, 1] | released [1, 2, 2, 3, 3, 0, 0, 1] | locks [[1], [0], [2], [3, 4], [5, 6], [7]]
0210022031213023203231310000201132121033 | target [0, 0, 1, 1, 2, 2, 3, 3] | released [0, 0, 1, 1, 2, 2, 3, 3] | locks [[0, 1], [2, 3], [4, 5], [6, 7]]
2111213011112202332233023201323100113120 | target [3, 1, 0, 2, 1, 3, 2, 0] | released [3, 1, 0, 2, 1, 3, 2, 0] | locks [[1], [3], [0, 5], [2, 7], [4], [6]]
3303002221233122023121103200133300311201 | target [1, 2, 2, 3, 3, 0, 0, 1] | released [1, 2, 2, 3, 3, 0, 0, 1] | locks [[1], [0], [2], [3, 4], [5, 6], [7]]
1201231111112103201033120000121331021102 | target [1, 3, 2, 0, 3, 1, 0, 2] | released [1, 3, 2, 0, 3, 1, 0, 2] | locks [[0], [2], [1, 4], [3, 6], [5], [7]]
1131002313220300210020103223002000230100 | target [1, 1, 2, 2, 3, 3, 0, 0] | released [1, 1, 2, 2, 3, 3, 0, 0] | locks [[0, 1], [2, 3], [4, 5], [6, 7]]
0201311222310302101312011022132132311302 | target [1, 3, 2, 0, 3, 1, 0, 2] | released [1, 3, 2, 0, 3, 1, 0, 2] | locks [[0], [2], [1, 4], [3, 6], [5], [7]]
3120330030220020110322022212002322000312 | target [2, 3, 3, 0, 0, 1, 1, 2] | released [2, 3, 3, 0, 0, 1, 1, 2] | locks [[0], [1, 2], [3, 4], [5, 6], [7]]
0330230112000131300001102313020011223122 | target [3, 3, 0, 0, 1, 1, 2, 2] | released [3, 3, 0, 0, 1, 1, 2, 2] | locks [[0, 1], [2, 3], [4, 5], [6, 7]]
2301210121333313311331003012303103212111 | target [2, 2, 3, 3, 0, 0, 1, 1] | released [2, 2, 3, 3, 0, 0, 1, 1] | locks [[0, 1], [2, 3], [4, 5], [6, 7]]
2133203203200121000121003312101121123003 | target [1, 0, 2, 1, 3, 2, 0, 3] | released [1, 0, 2, 1, 3, 2, 0, 3] | locks [[0], [2], [1], [3], [5], [4, 7], [6]]
1303123112132013200030211202200301110022 | target [3, 3, 0, 0, 1, 1, 2, 2] | released [3, 3, 0, 0, 1, 1, 2, 2] | locks [[0, 1], [2, 3], [4, 5], [6, 7]]
0130223303132311233100130203333221110322 | target [3, 3, 0, 0, 1, 1, 2, 2] | released [3, 3, 0, 0, 1, 1, 2, 2] | locks [[0, 1], [2, 3], [4, 5], [6, 7]]
3332233312023100220310200201111100011212 | target [2, 3, 3, 0, 0, 1, 1, 2] | released [2, 3, 3, 0, 0, 1, 1, 2] | locks [[0], [1, 2], [3, 4], [5, 6], [7]]
1111320021113133213233211030033311323323 | target [3, 0, 0, 1, 1, 2, 2, 3] | released [3, 0, 0, 1, 1, 2, 2, 3] | locks [[1], [3], [5], [0, 7], [2], [4], [6]]
3203301320230002301301130013201130232203 | target [1, 0, 2, 1, 3, 2, 0, 3] | released [1, 0, 2, 1, 3, 2, 0, 3] | locks [[0], [2], [1], [3], [5], [4, 7], [6]]
2201032201011320013122110000012121022233 | target [0, 0, 1, 1, 2, 2, 3, 3] | released [0, 0, 1, 1, 2, 2, 3, 3] | locks [[0, 1], [2, 3], [4, 5], [6, 7]]
1231202310202303331022332031032012310100 | target [1, 1, 2, 2, 3, 3, 0, 0] | released [1, 1, 2, 2, 3, 3, 0, 0] | locks [[0, 1], [2, 3], [4, 5], [6, 7]]
0312233121222130132310013212011012221012 | target [2, 3, 3, 0, 0, 1, 1, 2] | released [2, 3, 3, 0, 0, 1, 1, 2] | locks [[0], [1, 2], [3, 4], [5, 6], [7]]
2322201202010201322312221112301030203022 | target [3, 3, 0, 0, 1, 1, 2, 2] | released [3, 3, 0, 0, 1, 1, 2, 2] | locks [[0, 1], [2, 3], [4, 5], [6, 7]]
0122100333123220331311323123203112322022 | target [3, 3, 0, 0, 1, 1, 2, 2] | released [3, 3, 0, 0, 1, 1, 2, 2] | locks [[0, 1], [2, 3], [4, 5], [6, 7]]
3013130123312321332002013103113113312233 | target [0, 0, 1, 1, 2, 2, 3, 3] | released [0, 0, 1, 1, 2, 2, 3, 3] | locks [[0, 1], [2, 3], [4, 5], [6, 7]]
1002123113231121223321210212312203300303 | target [1, 0, 2, 1, 3, 2, 0, 3] | released [1, 0, 2, 1, 3, 2, 0, 3] | locks [[0], [2], [1], [3], [5], [4, 7], [6]]
2220221110213011202130333211100203222102 | target [1, 3, 2, 0, 3, 1, 0, 2] | released [1, 3, 2, 0, 3, 1, 0, 2] | locks [[0], [2], [1, 4], [3, 6], [5], [7]]
2002231122020111023311103201212032220302 | target [1, 3, 2, 0, 3, 1, 0, 2] | released [1, 3, 2, 0, 3, 1, 0, 2] | locks [[0], [2], [1, 4], [3, 6], [5], [7]]
1110313321121111203010012010332113233120 | target [3, 1, 0, 2, 1, 3, 2, 0] | released [3, 1, 0, 2, 1, 3, 2, 0] | locks [[1], [3], [0, 5], [2, 7], [4], [6]]
1202130010013303110033333101111230330313 | target [2, 0, 3, 1, 0, 2, 1, 3] | released [2, 0, 3, 1, 0, 2, 1, 3] | locks [[0], [1], [3], [5], [2, 7], [4], [6]]
1313332202032031032330211222313030311302 | target [1, 3, 2, 0, 3, 1, 0, 2] | released [1, 3, 2, 0, 3, 1, 0, 2] | locks [[0], [2], [1, 4], [3, 6], [5], [7]]
0103333013203130123132103112003211103023 | target [3, 0, 0, 1, 1, 2, 2, 3] | released [3, 0, 0, 1, 1, 2, 2, 3] | locks [[1], [3], [5], [0, 7], [2], [4], [6]]
2321211222001313102300221031012311003133 | target [0, 0, 1, 1, 2, 2, 3, 3] | released [0, 0, 1, 1, 2, 2, 3, 3] | locks [[0, 1], [2, 3], [4, 5], [6, 7]]
0313233030030220302111130330312323000022 | target [3, 3, 0, 0, 1, 1, 2, 2] | released [3, 3, 0, 0, 1, 1, 2, 2] | locks [[0, 1], [2, 3], [4, 5], [6, 7]]
2113103003232201221121003101111012232303 | target [1, 0, 2, 1, 3, 2, 0, 3] | released [1, 0, 2, 1, 3, 2, 0, 3] | locks [[0], [2], [1], [3], [5], [4, 7], [6]]
0013121000232303200031321211312033333032 | target [0, 3, 1, 0, 2, 1, 3, 2] | released [0, 3, 1, 0, 2, 1, 3, 2] | locks [[0], [2], [4], [1, 6], [3], [5], [7]]
3131123033200122200021222031313101030212 | target [2, 3, 3, 0, 0, 1, 1, 2] | released [2, 3, 3, 0, 0, 1, 1, 2] | locks [[0], [1, 2], [3, 4], [5, 6], [7]]
2222101310031332121030131301020101221012 | target [2, 3, 3, 0, 0, 1, 1, 2] | released [2, 3, 3, 0, 0, 1, 1, 2] | locks [[0], [1, 2], [3, 4], [5, 6], [7]]
1202012021220131201120022033031323132201 | target [1, 2, 2, 3, 3, 0, 0, 1] | released [1, 2, 2, 3, 3, 0, 0, 1] | locks [[1], [0], [2], [3, 4], [5, 6], [7]]
1211331130022100322303132031133200101020 | target [3, 1, 0, 2, 1, 3, 2, 0] | released [3, 1, 0, 2, 1, 3, 2, 0] | locks [[1], [3], [0, 5], [2, 7], [4], [6]]
2032133011031223103002012020111303032321 | target [3, 2, 0, 3, 1, 0, 2, 1] | released [3, 2, 0, 3, 1, 0, 2, 1] | locks [[1], [0, 3], [2, 5], [4, 7], [6]]
1011332031232212222200211030333112033030 | target [0, 1, 1, 2, 2, 3, 3, 0] | released [0, 1, 1, 2, 2, 3, 3, 0] | locks [[1], [3], [0], [2], [4], [5, 6], [7]]
0000011311212230211231133303312233200302 | target [1, 3, 2, 0, 3, 1, 0, 2] | released [1, 3, 2, 0, 3, 1, 0, 2] | locks [[0], [2], [1, 4], [3, 6], [5], [7]]
2221122232101021030220230210303311022001 | target [1, 2, 2, 3, 3, 0, 0, 1] | released [1, 2, 2, 3, 3, 0, 0, 1] | locks [[1], [0], [2], [3, 4], [5, 6], [7]]
0213231301311110113332233021211302023323 | target [3, 0, 0, 1, 1, 2, 2, 3] | released [3, 0, 0, 1, 1, 2, 2, 3] | locks [[1], [3], [5], [0, 7], [2], [4], [6]]
2010113112113033310231321122330001320123 | target [3, 0, 0, 1, 1, 2, 2, 3] | released [3, 0, 0, 1, 1, 2, 2, 3] | locks [[1], [3], [5], [0, 7], [2], [4], [6]]
0131220002021101120230221211332220332102 | target [1, 3, 2, 0, 3, 1, 0, 2] | released [1, 3, 2, 0, 3, 1, 0, 2] | locks [[0], [2], [1, 4], [3, 6], [5], [7]]
1321033113031311121100202000030133311322 | target [3, 3, 0, 0, 1, 1, 2, 2] | released [3, 3, 0, 0, 1, 1, 2, 2] | locks [[0, 1], [2, 3], [4, 5], [6, 7]]
2211303112121201223333311313012332231302 | target [1, 3, 2, 0, 3, 1, 0, 2] | released [1, 3, 2, 0, 3, 1, 0, 2] | locks [[0], [2], [1, 4], [3, 6], [5], [7]]
2122312201323020132032323301101022312012 | target [2, 3, 3, 0, 0, 1, 1, 2] | released [2, 3, 3, 0, 0, 1, 1, 2] | locks [[0], [1, 2], [3, 4], [5, 6], [7]]
3133001201113011202133121231133021103122 | target [3, 3, 0, 0, 1, 1, 2, 2] | released [3, 3, 0, 0, 1, 1, 2, 2] | locks [[0, 1], [2, 3], [4, 5], [6, 7]]
2302120222130133323321023122031220010031 | target [0, 2, 1, 3, 2, 0, 3, 1] | released [0, 2, 1, 3, 2, 0, 3, 1] | locks [[1], [0], [2], [4], [3, 6], [5], [7]]
1023211122320003133032301000312013330111 | target [2, 2, 3, 3, 0, 0, 1, 1] | released [2, 2, 3, 3, 0, 0, 1, 1] | locks [[0, 1], [2, 3], [4, 5], [6, 7]]
3201001003301100103121321133003331230211 | target [2, 2, 3, 3, 0, 0, 1, 1] | released [2, 2, 3, 3, 0, 0, 1, 1] | locks [[0, 1], [2, 3], [4, 5], [6, 7]]
3033112331233101300300323233000220021320 | target [3, 1, 0, 2, 1, 3, 2, 0] | released [3, 1, 0, 2, 1, 3, 2, 0] | locks [[1], [3], [0, 5], [2, 7], [4], [6]]
3210311312320001223333223121312310021110 | target [2, 1, 3, 2, 0, 3, 1, 0] | released [2, 1, 3, 2, 0, 3, 1, 0] | locks [[0], [1], [3], [2, 5], [4, 7], [6]]
2312130213222031223112110220310110220311 | target [2, 2, 3, 3, 0, 0, 1, 1] | released [2, 2, 3, 3, 0, 0, 1, 1] | locks [[0, 1], [2, 3], [4, 5], [6, 7]]
3103232033323311312313323133220312010220 | target [3, 1, 0, 2, 1, 3, 2, 0] | released [3, 1, 0, 2, 1, 3, 2, 0] | locks [[1], [3], [0, 5], [2, 7], [4], [6]]
0331131121113122310121300300113211312100 | target [1, 1, 2, 2, 3, 3, 0, 0] | released [1, 1, 2, 2, 3, 3, 0, 0] | locks [[0, 1], [2, 3], [4, 5], [6, 7]]
2201323001030110311222103012200310202220 | target [3, 1, 0, 2, 1, 3, 2, 0] | released [3, 1, 0, 2, 1, 3, 2, 0] | locks [[1], [3], [0, 5], [2, 7], [4], [6]]
1221012003003322213031312132112122021220 | target [3, 1, 0, 2, 1, 3, 2, 0] | released [3, 1, 0, 2, 1, 3, 2, 0] | locks [[1], [3], [0, 5], [2, 7], [4], [6]]
2110023203231110013313011303330221301102 | target [1, 3, 2, 0, 3, 1, 0, 2] | released [1, 3, 2, 0, 3, 1, 0, 2] | locks [[0], [2], [1, 4], [3, 6], [5], [7]]
2031103102131031032130120231110030313031 | target [0, 2, 1, 3, 2, 0, 3, 1] | released [0, 2, 1, 3, 2, 0, 3, 1] | locks [[1], [0], [2], [4], [3, 6], [5], [7]]
1212203133212023211130232012221330313200 | target [1, 1, 2, 2, 3, 3, 0, 0] | released [1, 1, 2, 2, 3, 3, 0, 0] | locks [[0, 1], [2, 3], [4, 5], [6, 7]]
1330001012113322330301033303003022113301 | target [1, 2, 2, 3, 3, 0, 0, 1] | released [1, 2, 2, 3, 3, 0, 0, 1] | locks [[1], [0], [2], [3, 4], [5, 6], [7]]
2230020122003202333330321320122302210332 | target [0, 3, 1, 0, 2, 1, 3, 2] | released [0, 3, 1, 0, 2, 1, 3, 2] | locks [[0], [2], [4], [1, 6], [3], [5], [7]]
1103213032023020220233331132212332132130 | target [0, 1, 1, 2, 2, 3, 3, 0] | released [0, 1, 1, 2, 2, 3, 3, 0] | locks [[1], [3], [0], [2], [4], [5, 6], [7]]
2103220311030032010122113311113232030331 | target [0, 2, 1, 3, 2, 0, 3, 1] | released [0, 2, 1, 3, 2, 0, 3, 1] | locks [[1], [0], [2], [4], [3, 6], [5], [7]]
0201321232320013011131323133220121011100 | target [1, 1, 2, 2, 3, 3, 0, 0] | released [1, 1, 2, 2, 3, 3, 0, 0] | locks [[0, 1], [2, 3], [4, 5], [6, 7]]
0332313200122022111011023113233320222212 | target [2, 3, 3, 0, 0, 1, 1, 2] | released [2, 3, 3, 0, 0, 1, 1, 2] | locks [[0], [1, 2], [3, 4], [5, 6], [7]]
1230312021112330303311112022232033100333 | target [0, 0, 1, 1, 2, 2, 3, 3] | released [0, 0, 1, 1, 2, 2, 3, 3] | locks [[0, 1], [2, 3], [4, 5], [6, 7]]
2102303030121010003012202203123103323221 | target [3, 2, 0, 3, 1, 0, 2, 1] | released [3, 2, 0, 3, 1, 0, 2, 1] | locks [[1], [0, 3], [2, 5], [4, 7], [6]]
3131321130203213032320022333313020023331 | target [0, 2, 1, 3, 2, 0, 3, 1] | released [0, 2, 1, 3, 2, 0, 3, 1] | locks [[1], [0], [2], [4], [3, 6], [5], [7]]
2312110213313023113001330022221102000130 | target [0, 1, 1, 2, 2, 3, 3, 0] | released [0, 1, 1, 2, 2, 3, 3, 0] | locks [[1], [3], [0], [2], [4], [5, 6], [7]]
2130122213013012233123312301311012102102 | target [1, 3, 2, 0, 3, 1, 0, 2] | released [1, 3, 2, 0, 3, 1, 0, 2] | locks [[0], [2], [1, 4], [3, 6], [5], [7]]
2132023132030132111323211213101313131031 | target [0, 2, 1, 3, 2, 0, 3, 1] | released [0, 2, 1, 3, 2, 0, 3, 1] | locks [[1], [0], [2], [4], [3, 6], [5], [7]]
0010220322112212120321120210232010311303 | target [1, 0, 2, 1, 3, 2, 0, 3] | released [1, 0, 2, 1, 3, 2, 0, 3] | locks [[0], [2], [1], [3], [5], [4, 7], [6]]
1000220230003112313022222332021121331230 | target [0, 1, 1, 2, 2, 3, 3, 0] | released [0, 1, 1, 2, 2, 3, 3, 0] | locks [[1], [3], [0], [2], [4], [5, 6], [7]]
0202200302011213132020332322221003320200 | target [1, 1, 2, 2, 3, 3, 0, 0] | released [1, 1, 2, 2, 3, 3, 0, 0] | locks [[0, 1], [2, 3], [4, 5], [6, 7]]
2202302222233311003031101221323331033103 | target [1, 0, 2, 1, 3, 2, 0, 3] | released [1, 0, 2, 1, 3, 2, 0, 3] | locks [[0], [2], [1], [3], [5], [4, 7], [6]]
2101210202112002122002103111000002311030 | target [0, 1, 1, 2, 2, 3, 3, 0] | released [0, 1, 1, 2, 2, 3, 3, 0] | locks [[1], [3], [0], [2], [4], [5, 6], [7]]
0013231112220321233102022221220020103132 | target [0, 3, 1, 0, 2, 1, 3, 2] | released [0, 3, 1, 0, 2, 1, 3, 2] | locks [[0], [2], [4], [1, 6], [3], [5], [7]]
3201310312221102132120012133222231220111 | target [2, 2, 3, 3, 0, 0, 1, 1] | released [2, 2, 3, 3, 0, 0, 1, 1] | locks [[0, 1], [2, 3], [4, 5], [6, 7]]
0023313230023331112031032012122003113333 | target [0, 0, 1, 1, 2, 2, 3, 3] | released [0, 0, 1, 1, 2, 2, 3, 3] | locks [[0, 1], [2, 3], [4, 5], [6, 7]]
3211201003231103131301022203000202021333 | target [0, 0, 1, 1, 2, 2, 3, 3] | released [0, 0, 1, 1, 2, 2, 3, 3] | locks [[0, 1], [2, 3], [4, 5], [6, 7]]
2111310133211211120233323133133310321210 | target [2, 1, 3, 2, 0, 3, 1, 0] | released [2, 1, 3, 2, 0, 3, 1, 0] | locks [[0], [1], [3], [2, 5], [4, 7], [6]]
== lossless on order2, seed 2026093033
1300300130121131102010000331003112211010 | target [2, 1, 3, 2, 0, 3, 1, 0] | held [0, 0, 4, 4, 0, 0, 0, 3] | locks []
3032121001221112130000232003233020210313 | target [2, 0, 3, 1, 0, 2, 1, 3] | held [2, 2, 1, 0, 2, 2, 1, 2] | locks []
1222230031101201020121232003002011021020 | target [3, 1, 0, 2, 1, 3, 2, 0] | held [3, 3, 1, 0, 4, 1, 0, 4] | locks []
0121101202210021210211331103121023301032 | target [0, 3, 1, 0, 2, 1, 3, 2] | held [3, 3, 3, 3, 3, 3, 3, 3] | locks []
2303333332220303031320310313320110220021 | target [3, 2, 0, 3, 1, 0, 2, 1] | held [3, 3, 3, 3, 3, 3, 3, 3] | locks []
0133120032213233220023030301110120111013 | target [2, 0, 3, 1, 0, 2, 1, 3] | held [2, 1, 1, 2, 1, 1, 2, 4] | locks []
0111213303302000111021110112121202020330 | target [0, 1, 1, 2, 2, 3, 3, 0] | held [0, 4, 1, 2, 2, 4, 1, 2] | locks []
1033230203310021313310222212221213032110 | target [2, 1, 3, 2, 0, 3, 1, 0] | held [2, 2, 1, 4, 2, 1, 1, 2] | locks []
2203302202221001122200003123203313121033 | target [0, 0, 1, 1, 2, 2, 3, 3] | held [1, 2, 0, 1, 0, 2, 1, 1] | locks []
0211030333322321121301222033202000111022 | target [3, 3, 0, 0, 1, 1, 2, 2] | held [2, 2, 1, 1, 2, 1, 1, 2] | locks []
0021231301201230332022013101102102111130 | target [0, 1, 1, 2, 2, 3, 3, 0] | held [3, 3, 3, 3, 3, 3, 3, 3] | locks []
2023333002232201330010130133112133332230 | target [0, 1, 1, 2, 2, 3, 3, 0] | held [2, 3, 3, 3, 3, 3, 3, 2] | locks []
0133202232122220132122111103222203113132 | target [0, 3, 1, 0, 2, 1, 3, 2] | held [0, 0, 0, 0, 0, 0, 0, 0] | locks []
0232223302101013033133311123310122110202 | target [1, 3, 2, 0, 3, 1, 0, 2] | held [0, 0, 0, 0, 0, 0, 0, 0] | locks []
3222311223010033130312202021000301312130 | target [0, 1, 1, 2, 2, 3, 3, 0] | held [1, 4, 2, 1, 1, 2, 1, 1] | locks []
1313231302031231330011221031132310303330 | target [0, 1, 1, 2, 2, 3, 3, 0] | held [3, 3, 3, 3, 3, 3, 3, 3] | locks []
2312331023222111131101011331121123013110 | target [2, 1, 3, 2, 0, 3, 1, 0] | held [0, 0, 0, 0, 0, 0, 2, 0] | locks []
3012103103302013012303332003313022200221 | target [3, 2, 0, 3, 1, 0, 2, 1] | held [2, 2, 1, 1, 2, 0, 1, 4] | locks []
1000312211212330212131200301010232111132 | target [0, 3, 1, 0, 2, 1, 3, 2] | held [1, 3, 3, 3, 1, 3, 3, 3] | locks []
2300010102113200023311300003210010133012 | target [2, 3, 3, 0, 0, 1, 1, 2] | held [3, 3, 3, 3, 3, 3, 3, 3] | locks []
0022313000203213332020320212331300211020 | target [3, 1, 0, 2, 1, 3, 2, 0] | held [2, 1, 1, 2, 2, 1, 4, 2] | locks []
1130112330011132000133320221011312210232 | target [0, 3, 1, 0, 2, 1, 3, 2] | held [1, 1, 2, 1, 1, 2, 0, 1] | locks []
1203312113020123222332233132110012202013 | target [2, 0, 3, 1, 0, 2, 1, 3] | held [2, 2, 1, 1, 2, 1, 1, 2] | locks []
3023321322133230112333033210320221120213 | target [2, 0, 3, 1, 0, 2, 1, 3] | held [1, 4, 2, 1, 4, 2, 1, 4] | locks []
0310123321213233022032222300222121300231 | target [0, 2, 1, 3, 2, 0, 3, 1] | held [4, 2, 1, 3, 0, 4, 1, 4] | locks []
1221033011313301021210212231110033021011 | target [2, 2, 3, 3, 0, 0, 1, 1] | held [2, 4, 1, 1, 2, 4, 1, 2] | locks []
1232300210132033210001320100032120213310 | target [2, 1, 3, 2, 0, 3, 1, 0] | held [2, 1, 1, 2, 4, 1, 2, 2] | locks []
0210031323202231101302330303213310003120 | target [3, 1, 0, 2, 1, 3, 2, 0] | held [0, 0, 0, 0, 0, 0, 0, 0] | locks []
2203221230111101202112210300123100101203 | target [1, 0, 2, 1, 3, 2, 0, 3] | held [3, 3, 3, 3, 3, 3, 3, 3] | locks []
1203301211223022003011310310001120103303 | target [1, 0, 2, 1, 3, 2, 0, 3] | held [4, 1, 2, 2, 1, 1, 2, 0] | locks []
1332122023023210301200101311201212202332 | target [0, 3, 1, 0, 2, 1, 3, 2] | held [2, 4, 1, 2, 2, 4, 1, 2] | locks []
2233121232123012003223302131100222121130 | target [0, 1, 1, 2, 2, 3, 3, 0] | held [0, 0, 0, 0, 0, 0, 0, 0] | locks []
2012031022222010212112220111122202313121 | target [3, 2, 0, 3, 1, 0, 2, 1] | held [3, 3, 3, 3, 3, 3, 3, 3] | locks []
0223023121032332130302002230121133002021 | target [3, 2, 0, 3, 1, 0, 2, 1] | held [1, 2, 2, 1, 1, 2, 1, 1] | locks []
2130122012102122130211333130201112200302 | target [1, 3, 2, 0, 3, 1, 0, 2] | held [2, 1, 1, 3, 2, 1, 3, 2] | locks []
0231012301030131120123301302002333323211 | target [2, 2, 3, 3, 0, 0, 1, 1] | held [0, 0, 0, 0, 0, 0, 0, 0] | locks []
3032121222230130300030100323223233311301 | target [1, 2, 2, 3, 3, 0, 0, 1] | held [3, 2, 3, 3, 3, 3, 3, 3] | locks []
2020233220331200011322023332120322012223 | target [3, 0, 0, 1, 1, 2, 2, 3] | held [2, 1, 1, 4, 2, 1, 4, 2] | locks []
3312131000002203010330011232230132022013 | target [2, 0, 3, 1, 0, 2, 1, 3] | held [2, 1, 1, 2, 4, 1, 2, 2] | locks []
0000103102200333330131332121223101202313 | target [2, 0, 3, 1, 0, 2, 1, 3] | held [2, 2, 1, 4, 2, 0, 4, 2] | locks []
2132220131032003231022011323030311223020 | target [3, 1, 0, 2, 1, 3, 2, 0] | held [0, 0, 0, 0, 0, 0, 0, 0] | locks []
3312020120231210312100033221323112211311 | target [2, 2, 3, 3, 0, 0, 1, 1] | held [0, 0, 0, 0, 0, 0, 0, 0] | locks []
1221213211210102021332021301202101030231 | target [0, 2, 1, 3, 2, 0, 3, 1] | held [3, 2, 3, 1, 4, 3, 3, 2] | locks []
1303122332002013013321302322000022112113 | target [2, 0, 3, 1, 0, 2, 1, 3] | held [2, 1, 2, 2, 1, 1, 2, 0] | locks []
0212010132302130321301203102020130333010 | target [2, 1, 3, 2, 0, 3, 1, 0] | held [2, 1, 1, 2, 1, 1, 4, 0] | locks []
0313122320031101201323321113300120201001 | target [1, 2, 2, 3, 3, 0, 0, 1] | held [1, 0, 0, 1, 1, 2, 0, 1] | locks []
0210022031213023203231310000201132121033 | target [0, 0, 1, 1, 2, 2, 3, 3] | held [2, 1, 3, 2, 1, 1, 2, 3] | locks []
2111213011112202332233023201323100113120 | target [3, 1, 0, 2, 1, 3, 2, 0] | held [4, 1, 0, 2, 2, 1, 3, 1] | locks []
3303002221233122023121103200133300311201 | target [1, 2, 2, 3, 3, 0, 0, 1] | held [0, 0, 0, 0, 0, 0, 0, 0] | locks []
1201231111112103201033120000121331021102 | target [1, 3, 2, 0, 3, 1, 0, 2] | held [3, 3, 3, 3, 3, 3, 3, 3] | locks []
1131002313220300210020103223002000230100 | target [1, 1, 2, 2, 3, 3, 0, 0] | held [2, 3, 1, 0, 3, 3, 2, 4] | locks []
0201311222310302101312011022132132311302 | target [1, 3, 2, 0, 3, 1, 0, 2] | held [2, 0, 1, 2, 2, 1, 1, 2] | locks []
3120330030220020110322022212002322000312 | target [2, 3, 3, 0, 0, 1, 1, 2] | held [3, 3, 3, 3, 3, 3, 3, 3] | locks []
0330230112000131300001102313020011223122 | target [3, 3, 0, 0, 1, 1, 2, 2] | held [2, 1, 0, 0, 2, 2, 4, 3] | locks []
2301210121333313311331003012303103212111 | target [2, 2, 3, 3, 0, 0, 1, 1] | held [3, 3, 3, 3, 3, 3, 3, 3] | locks []
2133203203200121000121003312101121123003 | target [1, 0, 2, 1, 3, 2, 0, 3] | held [3, 3, 3, 3, 3, 3, 3, 3] | locks []
1303123112132013200030211202200301110022 | target [3, 3, 0, 0, 1, 1, 2, 2] | held [3, 3, 2, 0, 3, 4, 0, 3] | locks []
0130223303132311233100130203333221110322 | target [3, 3, 0, 0, 1, 1, 2, 2] | held [3, 3, 3, 3, 3, 3, 3, 3] | locks []
3332233312023100220310200201111100011212 | target [2, 3, 3, 0, 0, 1, 1, 2] | held [3, 1, 1, 2, 4, 1, 2, 2] | locks []
1111320021113133213233211030033311323323 | target [3, 0, 0, 1, 1, 2, 2, 3] | held [3, 3, 2, 1, 3, 2, 1, 3] | locks []
3203301320230002301301130013201130232203 | target [1, 0, 2, 1, 3, 2, 0, 3] | held [0, 3, 4, 0, 1, 0, 1, 0] | locks []
2201032201011320013122110000012121022233 | target [0, 0, 1, 1, 2, 2, 3, 3] | held [0, 2, 4, 1, 4, 2, 2, 1] | locks []
1231202310202303331022332031032012310100 | target [1, 1, 2, 2, 3, 3, 0, 0] | held [2, 2, 1, 4, 2, 1, 1, 2] | locks []
0312233121222130132310013212011012221012 | target [2, 3, 3, 0, 0, 1, 1, 2] | held [1, 1, 2, 4, 1, 2, 4, 1] | locks []
2322201202010201322312221112301030203022 | target [3, 3, 0, 0, 1, 1, 2, 2] | held [1, 3, 3, 2, 2, 4, 3, 3] | locks []
0122100333123220331311323123203112322022 | target [3, 3, 0, 0, 1, 1, 2, 2] | held [3, 3, 3, 3, 3, 3, 3, 3] | locks []
3013130123312321332002013103113113312233 | target [0, 0, 1, 1, 2, 2, 3, 3] | held [3, 2, 1, 3, 2, 1, 1, 4] | locks []
1002123113231121223321210212312203300303 | target [1, 0, 2, 1, 3, 2, 0, 3] | held [0, 0, 0, 0, 0, 0, 0, 0] | locks []
2220221110213011202130333211100203222102 | target [1, 3, 2, 0, 3, 1, 0, 2] | held [3, 3, 3, 3, 3, 3, 3, 3] | locks []
2002231122020111023311103201212032220302 | target [1, 3, 2, 0, 3, 1, 0, 2] | held [3, 3, 3, 3, 3, 3, 3, 3] | locks []
1110313321121111203010012010332113233120 | target [3, 1, 0, 2, 1, 3, 2, 0] | held [0, 0, 0, 0, 0, 0, 0, 0] | locks []
1202130010013303110033333101111230330313 | target [2, 0, 3, 1, 0, 2, 1, 3] | held [3, 3, 3, 3, 3, 3, 3, 3] | locks []
1313332202032031032330211222313030311302 | target [1, 3, 2, 0, 3, 1, 0, 2] | held [3, 3, 3, 3, 3, 3, 3, 3] | locks []
0103333013203130123132103112003211103023 | target [3, 0, 0, 1, 1, 2, 2, 3] | held [0, 0, 0, 0, 0, 0, 0, 0] | locks []
2321211222001313102300221031012311003133 | target [0, 0, 1, 1, 2, 2, 3, 3] | held [0, 0, 0, 0, 0, 1, 2, 0] | locks []
0313233030030220302111130330312323000022 | target [3, 3, 0, 0, 1, 1, 2, 2] | held [0, 0, 0, 0, 0, 0, 0, 0] | locks []
2113103003232201221121003101111012232303 | target [1, 0, 2, 1, 3, 2, 0, 3] | held [3, 3, 3, 3, 3, 3, 1, 3] | locks []
0013121000232303200031321211312033333032 | target [0, 3, 1, 0, 2, 1, 3, 2] | held [2, 1, 3, 2, 1, 3, 2, 3] | locks []
3131123033200122200021222031313101030212 | target [2, 3, 3, 0, 0, 1, 1, 2] | held [2, 1, 1, 2, 0, 1, 4, 2] | locks []
2222101310031332121030131301020101221012 | target [2, 3, 3, 0, 0, 1, 1, 2] | held [3, 3, 3, 3, 3, 3, 3, 3] | locks []
1202012021220131201120022033031323132201 | target [1, 2, 2, 3, 3, 0, 0, 1] | held [3, 3, 3, 3, 3, 3, 3, 3] | locks []
1211331130022100322303132031133200101020 | target [3, 1, 0, 2, 1, 3, 2, 0] | held [2, 2, 1, 0, 2, 1, 1, 2] | locks []
2032133011031223103002012020111303032321 | target [3, 2, 0, 3, 1, 0, 2, 1] | held [2, 1, 0, 2, 1, 1, 2, 0] | locks []
1011332031232212222200211030333112033030 | target [0, 1, 1, 2, 2, 3, 3, 0] | held [2, 1, 4, 2, 1, 1, 2, 0] | locks []
0000011311212230211231133303312233200302 | target [1, 3, 2, 0, 3, 1, 0, 2] | held [0, 0, 0, 0, 0, 0, 0, 0] | locks []
2221122232101021030220230210303311022001 | target [1, 2, 2, 3, 3, 0, 0, 1] | held [3, 3, 3, 3, 3, 3, 3, 3] | locks []
0213231301311110113332233021211302023323 | target [3, 0, 0, 1, 1, 2, 2, 3] | held [3, 3, 3, 3, 3, 3, 3, 3] | locks []
2010113112113033310231321122330001320123 | target [3, 0, 0, 1, 1, 2, 2, 3] | held [0, 0, 0, 0, 0, 0, 0, 0] | locks []
0131220002021101120230221211332220332102 | target [1, 3, 2, 0, 3, 1, 0, 2] | held [3, 3, 3, 3, 3, 3, 3, 3] | locks []
1321033113031311121100202000030133311322 | target [3, 3, 0, 0, 1, 1, 2, 2] | held [0, 4, 4, 0, 0, 4, 0, 0] | locks []
2211303112121201223333311313012332231302 | target [1, 3, 2, 0, 3, 1, 0, 2] | held [3, 3, 3, 3, 3, 3, 3, 3] | locks []
2122312201323020132032323301101022312012 | target [2, 3, 3, 0, 0, 1, 1, 2] | held [0, 0, 0, 0, 0, 0, 0, 0] | locks []
3133001201113011202133121231133021103122 | target [3, 3, 0, 0, 1, 1, 2, 2] | held [0, 0, 0, 0, 0, 0, 0, 0] | locks []
2302120222130133323321023122031220010031 | target [0, 2, 1, 3, 2, 0, 3, 1] | held [0, 0, 0, 0, 0, 0, 0, 0] | locks []
1023211122320003133032301000312013330111 | target [2, 2, 3, 3, 0, 0, 1, 1] | held [0, 0, 0, 1, 0, 0, 1, 0] | locks []
3201001003301100103121321133003331230211 | target [2, 2, 3, 3, 0, 0, 1, 1] | held [2, 2, 1, 2, 2, 1, 1, 2] | locks []
3033112331233101300300323233000220021320 | target [3, 1, 0, 2, 1, 3, 2, 0] | held [3, 3, 3, 3, 3, 3, 3, 3] | locks []
3210311312320001223333223121312310021110 | target [2, 1, 3, 2, 0, 3, 1, 0] | held [0, 0, 0, 0, 0, 0, 0, 0] | locks []
2312130213222031223112110220310110220311 | target [2, 2, 3, 3, 0, 0, 1, 1] | held [3, 3, 1, 1, 3, 1, 1, 1] | locks []
3103232033323311312313323133220312010220 | target [3, 1, 0, 2, 1, 3, 2, 0] | held [3, 3, 3, 3, 3, 3, 3, 3] | locks []
0331131121113122310121300300113211312100 | target [1, 1, 2, 2, 3, 3, 0, 0] | held [0, 0, 1, 0, 0, 0, 0, 0] | locks []
2201323001030110311222103012200310202220 | target [3, 1, 0, 2, 1, 3, 2, 0] | held [3, 3, 3, 3, 3, 3, 3, 3] | locks []
1221012003003322213031312132112122021220 | target [3, 1, 0, 2, 1, 3, 2, 0] | held [2, 2, 1, 2, 2, 1, 1, 2] | locks []
2110023203231110013313011303330221301102 | target [1, 3, 2, 0, 3, 1, 0, 2] | held [0, 0, 0, 0, 0, 0, 0, 0] | locks []
2031103102131031032130120231110030313031 | target [0, 2, 1, 3, 2, 0, 3, 1] | held [2, 0, 2, 1, 4, 2, 4, 2] | locks []
1212203133212023211130232012221330313200 | target [1, 1, 2, 2, 3, 3, 0, 0] | held [0, 0, 0, 0, 0, 0, 0, 0] | locks []
1330001012113322330301033303003022113301 | target [1, 2, 2, 3, 3, 0, 0, 1] | held [3, 3, 3, 3, 3, 3, 3, 3] | locks []
2230020122003202333330321320122302210332 | target [0, 3, 1, 0, 2, 1, 3, 2] | held [2, 1, 1, 2, 1, 1, 2, 2] | locks []
1103213032023020220233331132212332132130 | target [0, 1, 1, 2, 2, 3, 3, 0] | held [2, 1, 3, 2, 2, 1, 2, 2] | locks []
2103220311030032010122113311113232030331 | target [0, 2, 1, 3, 2, 0, 3, 1] | held [1, 2, 2, 1, 4, 2, 0, 1] | locks []
0201321232320013011131323133220121011100 | target [1, 1, 2, 2, 3, 3, 0, 0] | held [0, 0, 1, 1, 0, 0, 1, 0] | locks []
0332313200122022111011023113233320222212 | target [2, 3, 3, 0, 0, 1, 1, 2] | held [0, 0, 0, 0, 0, 0, 0, 0] | locks []
1230312021112330303311112022232033100333 | target [0, 0, 1, 1, 2, 2, 3, 3] | held [3, 3, 3, 3, 3, 3, 3, 3] | locks []
2102303030121010003012202203123103323221 | target [3, 2, 0, 3, 1, 0, 2, 1] | held [3, 2, 3, 3, 3, 2, 3, 3] | locks []
3131321130203213032320022333313020023331 | target [0, 2, 1, 3, 2, 0, 3, 1] | held [3, 3, 3, 3, 3, 3, 3, 3] | locks []
2312110213313023113001330022221102000130 | target [0, 1, 1, 2, 2, 3, 3, 0] | held [2, 1, 2, 2, 1, 1, 2, 2] | locks []
2130122213013012233123312301311012102102 | target [1, 3, 2, 0, 3, 1, 0, 2] | held [1, 1, 2, 2, 1, 2, 2, 1] | locks []
2132023132030132111323211213101313131031 | target [0, 2, 1, 3, 2, 0, 3, 1] | held [3, 3, 3, 3, 3, 3, 3, 3] | locks []
0010220322112212120321120210232010311303 | target [1, 0, 2, 1, 3, 2, 0, 3] | held [3, 3, 3, 3, 3, 3, 3, 3] | locks []
1000220230003112313022222332021121331230 | target [0, 1, 1, 2, 2, 3, 3, 0] | held [2, 1, 1, 2, 1, 1, 2, 0] | locks []
0202200302011213132020332322221003320200 | target [1, 1, 2, 2, 3, 3, 0, 0] | held [2, 2, 1, 0, 2, 1, 1, 2] | locks []
2202302222233311003031101221323331033103 | target [1, 0, 2, 1, 3, 2, 0, 3] | held [3, 3, 3, 3, 3, 3, 3, 3] | locks []
2101210202112002122002103111000002311030 | target [0, 1, 1, 2, 2, 3, 3, 0] | held [0, 4, 1, 0, 4, 2, 1, 4] | locks []
0013231112220321233102022221220020103132 | target [0, 3, 1, 0, 2, 1, 3, 2] | held [1, 1, 2, 1, 1, 2, 2, 1] | locks []
3201310312221102132120012133222231220111 | target [2, 2, 3, 3, 0, 0, 1, 1] | held [1, 2, 4, 1, 1, 2, 4, 1] | locks []
0023313230023331112031032012122003113333 | target [0, 0, 1, 1, 2, 2, 3, 3] | held [3, 3, 3, 3, 3, 3, 3, 3] | locks []
3211201003231103131301022203000202021333 | target [0, 0, 1, 1, 2, 2, 3, 3] | held [2, 2, 1, 1, 2, 1, 1, 2] | locks []
2111310133211211120233323133133310321210 | target [2, 1, 3, 2, 0, 3, 1, 0] | held [1, 1, 3, 3, 1, 3, 3, 3] | locks []
== opening on order2, seed 2026093033
1300300130121131102010000331003112211010 | target [2, 1, 3, 2, 0, 3, 1, 0] | released [1, 0, 1, 4, 1, 4, 2, 1] | locks [[7], [6], [5], [0], [2], [1], [4], [3]]
3032121001221112130000232003233020210313 | target [2, 0, 3, 1, 0, 2, 1, 3] | released [3, 3, 3, 1, 3, 4, 2, 1] | locks [[7], [6], [5], [3], [1], [0], [2], [4]]
1222230031101201020121232003002011021020 | target [3, 1, 0, 2, 1, 3, 2, 0] | held [0, 4, 2, 1, 2, 1, 2, 1] | locks [[7], [6], [3], [5], [1], [2], [4]]
0121101202210021210211331103121023301032 | target [0, 3, 1, 0, 2, 1, 3, 2] | released [3, 3, 3, 1, 0, 1, 0, 1] | locks [[7], [5], [3], [6], [4], [1], [0], [2]]
2303333332220303031320310313320110220021 | target [3, 2, 0, 3, 1, 0, 2, 1] | held [2, 2, 4, 2, 4, 2, 1, 2] | locks [[6], [5], [7], [2], [4], [3]]
0133120032213233220023030301110120111013 | target [2, 0, 3, 1, 0, 2, 1, 3] | held [3, 4, 2, 1, 3, 4, 2, 1] | locks [[7], [6], [3], [5], [2], [1], [4]]
0111213303302000111021110112121202020330 | target [0, 1, 1, 2, 2, 3, 3, 0] | released [3, 3, 3, 1, 3, 1, 0, 1] | locks [[7], [5], [6], [3], [0], [1], [2], [4]]
1033230203310021313310222212221213032110 | target [2, 1, 3, 2, 0, 3, 1, 0] | released [3, 3, 3, 3, 1, 2, 1, 2] | locks [[6], [5], [7], [4], [1], [3], [2], [0]]
2203302202221001122200003123203313121033 | target [0, 0, 1, 1, 2, 2, 3, 3] | released [1, 3, 3, 3, 3, 1, 0, 1] | locks [[7], [5], [6], [3], [2], [4], [0], [1]]
0211030333322321121301222033202000111022 | target [3, 3, 0, 0, 1, 1, 2, 2] | held [3, 1, 0, 1, 0, 1, 0, 1] | locks [[7], [5], [6], [4], [3], [2], [1]]
0021231301201230332022013101102102111130 | target [0, 1, 1, 2, 2, 3, 3, 0] | released [3, 3, 3, 3, 3, 1, 2, 1] | locks [[7], [6], [5], [2], [4], [3], [0], [1]]
2023333002232201330010130133112133332230 | target [0, 1, 1, 2, 2, 3, 3, 0] | released [3, 1, 3, 3, 3, 1, 3, 1] | locks [[5], [7], [4], [3], [6], [0], [1], [2]]
0133202232122220132122111103222203113132 | target [0, 3, 1, 0, 2, 1, 3, 2] | released [3, 3, 3, 1, 0, 1, 0, 1] | locks [[7], [5], [3], [6], [4], [0], [1], [2]]
0232223302101013033133311123310122110202 | target [1, 3, 2, 0, 3, 1, 0, 2] | released [0, 1, 0, 1, 0, 1, 2, 1] | locks [[7], [6], [5], [3], [1], [2], [0], [4]]
3222311223010033130312202021000301312130 | target [0, 1, 1, 2, 2, 3, 3, 0] | released [1, 0, 1, 0, 1, 0, 1, 2] | locks [[6], [4], [7], [2], [5], [3], [1], [0]]
1313231302031231330011221031132310303330 | target [0, 1, 1, 2, 2, 3, 3, 0] | released [3, 1, 3, 3, 3, 2, 1, 2] | locks [[6], [5], [0], [3], [1], [2], [7], [4]]
2312331023222111131101011331121123013110 | target [2, 1, 3, 2, 0, 3, 1, 0] | released [1, 0, 1, 0, 1, 0, 1, 2] | locks [[6], [4], [7], [2], [5], [1], [3], [0]]
3012103103302013012303332003313022200221 | target [3, 2, 0, 3, 1, 0, 2, 1] | released [0, 1, 0, 1, 2, 1, 2, 1] | locks [[7], [5], [3], [1], [2], [4], [6], [0]]
1000312211212330212131200301010232111132 | target [0, 3, 1, 0, 2, 1, 3, 2] | released [0, 1, 0, 1, 0, 1, 0, 1] | locks [[7], [5], [3], [6], [4], [2], [1], [0]]
2300010102113200023311300003210010133012 | target [2, 3, 3, 0, 0, 1, 1, 2] | released [3, 3, 0, 1, 0, 1, 0, 1] | locks [[7], [5], [4], [6], [3], [2], [0], [1]]
0022313000203213332020320212331300211020 | target [3, 1, 0, 2, 1, 3, 2, 0] | released [1, 0, 1, 0, 1, 2, 1, 2] | locks [[6], [4], [2], [7], [0], [5], [1], [3]]
1130112330011132000133320221011312210232 | target [0, 3, 1, 0, 2, 1, 3, 2] | released [3, 1, 0, 1, 2, 1, 2, 1] | locks [[7], [6], [5], [3], [1], [4], [2], [0]]
1203312113020123222332233132110012202013 | target [2, 0, 3, 1, 0, 2, 1, 3] | released [1, 0, 1, 2, 1, 2, 1, 2] | locks [[6], [4], [2], [7], [0], [5], [3], [1]]
3023321322133230112333033210320221120213 | target [2, 0, 3, 1, 0, 2, 1, 3] | held [3, 4, 2, 1, 0, 4, 2, 1] | locks [[7], [6], [5], [3], [1], [2], [4]]
0310123321213233022032222300222121300231 | target [0, 2, 1, 3, 2, 0, 3, 1] | released [0, 1, 0, 1, 2, 1, 2, 1] | locks [[7], [6], [5], [3], [1], [4], [2], [0]]
1221033011313301021210212231110033021011 | target [2, 2, 3, 3, 0, 0, 1, 1] | released [3, 1, 0, 1, 0, 1, 0, 1] | locks [[7], [5], [4], [6], [3], [2], [1], [0]]
1232300210132033210001320100032120213310 | target [2, 1, 3, 2, 0, 3, 1, 0] | released [1, 0, 1, 2, 1, 2, 1, 2] | locks [[6], [4], [2], [7], [0], [5], [1], [3]]
0210031323202231101302330303213310003120 | target [3, 1, 0, 2, 1, 3, 2, 0] | released [3, 3, 1, 2, 1, 2, 1, 2] | locks [[6], [5], [7], [4], [2], [3], [0], [1]]
2203221230111101202112210300123100101203 | target [1, 0, 2, 1, 3, 2, 0, 3] | released [3, 1, 0, 1, 0, 1, 0, 1] | locks [[7], [5], [6], [4], [3], [2], [1], [0]]
1203301211223022003011310310001120103303 | target [1, 0, 2, 1, 3, 2, 0, 3] | released [3, 1, 3, 3, 1, 1, 3, 1] | locks [[7], [5], [2], [6], [3], [4], [0], [1]]
1332122023023210301200101311201212202332 | target [0, 3, 1, 0, 2, 1, 3, 2] | released [3, 3, 3, 1, 0, 1, 0, 1] | locks [[7], [5], [3], [6], [4], [1], [0], [2]]
2233121232123012003223302131100222121130 | target [0, 1, 1, 2, 2, 3, 3, 0] | held [3, 1, 0, 1, 0, 1, 0, 1] | locks [[5], [7], [3], [6], [4], [2]]
2012031022222010212112220111122202313121 | target [3, 2, 0, 3, 1, 0, 2, 1] | held [2, 2, 4, 2, 4, 2, 1, 2] | locks [[6], [5], [4], [0], [3], [7], [2]]
0223023121032332130302002230121133002021 | target [3, 2, 0, 3, 1, 0, 2, 1] | released [3, 1, 4, 2, 4, 2, 1, 2] | locks [[6], [5], [7], [4], [1], [3], [0], [2]]
2130122012102122130211333130201112200302 | target [1, 3, 2, 0, 3, 1, 0, 2] | released [0, 1, 0, 1, 0, 1, 0, 1] | locks [[7], [5], [3], [6], [4], [2], [1], [0]]
0231012301030131120123301302002333323211 | target [2, 2, 3, 3, 0, 0, 1, 1] | released [3, 1, 0, 1, 0, 1, 0, 1] | locks [[7], [5], [4], [6], [3], [2], [1], [0]]
3032121222230130300030100323223233311301 | target [1, 2, 2, 3, 3, 0, 0, 1] | released [0, 1, 0, 1, 0, 1, 0, 1] | locks [[7], [5], [3], [1], [2], [4], [6], [0]]
2020233220331200011322023332120322012223 | target [3, 0, 0, 1, 1, 2, 2, 3] | released [2, 3, 3, 1, 3, 3, 3, 1] | locks [[7], [2], [6], [5], [3], [0], [4], [1]]
3312131000002203010330011232230132022013 | target [2, 0, 3, 1, 0, 2, 1, 3] | released [3, 3, 3, 1, 3, 1, 2, 1] | locks [[7], [6], [3], [5], [1], [2], [0], [4]]
0000103102200333330131332121223101202313 | target [2, 0, 3, 1, 0, 2, 1, 3] | released [3, 3, 3, 1, 1, 3, 3, 1] | locks [[7], [2], [6], [5], [3], [4], [1], [0]]
2132220131032003231022011323030311223020 | target [3, 1, 0, 2, 1, 3, 2, 0] | released [1, 0, 1, 0, 1, 2, 1, 2] | locks [[6], [4], [2], [7], [1], [3], [0], [5]]
3312020120231210312100033221323112211311 | target [2, 2, 3, 3, 0, 0, 1, 1] | released [1, 1, 3, 1, 4, 1, 2, 1] | locks [[7], [6], [3], [5], [0], [1], [4], [2]]
1221213211210102021332021301202101030231 | target [0, 2, 1, 3, 2, 0, 3, 1] | released [0, 1, 0, 1, 2, 1, 2, 1] | locks [[7], [6], [5], [1], [3], [4], [2], [0]]
1303122332002013013321302322000022112113 | target [2, 0, 3, 1, 0, 2, 1, 3] | released [3, 3, 3, 3, 1, 2, 1, 2] | locks [[6], [5], [7], [4], [1], [2], [0], [3]]
0212010132302130321301203102020130333010 | target [2, 1, 3, 2, 0, 3, 1, 0] | released [1, 0, 1, 2, 1, 2, 1, 2] | locks [[6], [4], [2], [0], [7], [5], [1], [3]]
0313122320031101201323321113300120201001 | target [1, 2, 2, 3, 3, 0, 0, 1] | held [0, 1, 0, 1, 0, 1, 0, 1] | locks [[7], [5], [3], [6], [1], [4], [2]]
0210022031213023203231310000201132121033 | target [0, 0, 1, 1, 2, 2, 3, 3] | released [3, 3, 3, 1, 4, 1, 2, 1] | locks [[7], [6], [3], [5], [4], [0], [1], [2]]
2111213011112202332233023201323100113120 | target [3, 1, 0, 2, 1, 3, 2, 0] | released [1, 0, 1, 0, 1, 0, 1, 2] | locks [[6], [4], [5], [3], [2], [7], [1], [0]]
3303002221233122023121103200133300311201 | target [1, 2, 2, 3, 3, 0, 0, 1] | released [0, 1, 0, 1, 0, 1, 0, 1] | locks [[7], [5], [3], [1], [2], [0], [4], [6]]
1201231111112103201033120000121331021102 | target [1, 3, 2, 0, 3, 1, 0, 2] | released [0, 1, 0, 1, 0, 1, 0, 1] | locks [[7], [5], [3], [6], [4], [1], [2], [0]]
1131002313220300210020103223002000230100 | target [1, 1, 2, 2, 3, 3, 0, 0] | held [3, 1, 0, 1, 0, 1, 0, 1] | locks [[7], [5], [3], [6], [1], [4], [2]]
0201311222310302101312011022132132311302 | target [1, 3, 2, 0, 3, 1, 0, 2] | released [0, 1, 0, 1, 0, 1, 0, 1] | locks [[7], [5], [6], [3], [4], [2], [1], [0]]
3120330030220020110322022212002322000312 | target [2, 3, 3, 0, 0, 1, 1, 2] | released [3, 3, 1, 3, 3, 1, 2, 1] | locks [[7], [6], [1], [4], [0], [2], [3], [5]]
0330230112000131300001102313020011223122 | target [3, 3, 0, 0, 1, 1, 2, 2] | released [3, 1, 0, 1, 0, 1, 0, 1] | locks [[7], [5], [3], [6], [1], [4], [2], [0]]
2301210121333313311331003012303103212111 | target [2, 2, 3, 3, 0, 0, 1, 1] | released [1, 0, 1, 4, 1, 2, 1, 2] | locks [[6], [5], [7], [0], [4], [2], [3], [1]]
2133203203200121000121003312101121123003 | target [1, 0, 2, 1, 3, 2, 0, 3] | released [3, 3, 3, 1, 0, 1, 0, 1] | locks [[7], [5], [3], [6], [4], [0], [1], [2]]
1303123112132013200030211202200301110022 | target [3, 3, 0, 0, 1, 1, 2, 2] | released [3, 3, 2, 1, 2, 1, 2, 1] | locks [[7], [6], [3], [5], [2], [4], [1], [0]]
0130223303132311233100130203333221110322 | target [3, 3, 0, 0, 1, 1, 2, 2] | released [3, 3, 3, 1, 3, 1, 2, 1] | locks [[7], [6], [3], [5], [2], [1], [4], [0]]
3332233312023100220310200201111100011212 | target [2, 3, 3, 0, 0, 1, 1, 2] | held [1, 4, 2, 1, 2, 1, 2, 1] | locks [[7], [6], [3], [5], [1], [2], [4]]
1111320021113133213233211030033311323323 | target [3, 0, 0, 1, 1, 2, 2, 3] | released [3, 1, 1, 3, 3, 1, 3, 1] | locks [[7], [5], [3], [2], [0], [4], [1], [6]]
3203301320230002301301130013201130232203 | target [1, 0, 2, 1, 3, 2, 0, 3] | released [1, 3, 3, 3, 1, 3, 3, 1] | locks [[7], [2], [6], [5], [4], [3], [1], [0]]
2201032201011320013122110000012121022233 | target [0, 0, 1, 1, 2, 2, 3, 3] | released [3, 1, 3, 3, 1, 3, 3, 1] | locks [[7], [5], [6], [2], [4], [3], [1], [0]]
1231202310202303331022332031032012310100 | target [1, 1, 2, 2, 3, 3, 0, 0] | released [0, 1, 0, 1, 2, 1, 2, 1] | locks [[7], [6], [5], [3], [1], [4], [0], [2]]
0312233121222130132310013212011012221012 | target [2, 3, 3, 0, 0, 1, 1, 2] | released [0, 1, 0, 1, 0, 1, 0, 1] | locks [[7], [5], [6], [4], [3], [2], [0], [1]]
2322201202010201322312221112301030203022 | target [3, 3, 0, 0, 1, 1, 2, 2] | released [3, 3, 3, 3, 0, 1, 0, 1] | locks [[7], [5], [6], [4], [0], [2], [3], [1]]
0122100333123220331311323123203112322022 | target [3, 3, 0, 0, 1, 1, 2, 2] | released [3, 3, 3, 1, 0, 1, 0, 1] | locks [[7], [5], [6], [4], [3], [1], [2], [0]]
3013130123312321332002013103113113312233 | target [0, 0, 1, 1, 2, 2, 3, 3] | released [3, 3, 3, 3, 3, 3, 3, 1] | locks [[7], [5], [6], [4], [3], [2], [1], [0]]
1002123113231121223321210212312203300303 | target [1, 0, 2, 1, 3, 2, 0, 3] | released [3, 1, 3, 3, 1, 1, 3, 1] | locks [[7], [5], [3], [6], [0], [2], [4], [1]]
2220221110213011202130333211100203222102 | target [1, 3, 2, 0, 3, 1, 0, 2] | released [0, 1, 0, 1, 2, 1, 2, 1] | locks [[7], [5], [3], [1], [6], [4], [0], [2]]
2002231122020111023311103201212032220302 | target [1, 3, 2, 0, 3, 1, 0, 2] | released [0, 1, 0, 1, 0, 1, 2, 1] | locks [[7], [6], [5], [3], [1], [2], [4], [0]]
1110313321121111203010012010332113233120 | target [3, 1, 0, 2, 1, 3, 2, 0] | released [3, 3, 3, 3, 1, 2, 1, 2] | locks [[6], [5], [7], [4], [0], [3], [2], [1]]
1202130010013303110033333101111230330313 | target [2, 0, 3, 1, 0, 2, 1, 3] | released [1, 3, 3, 1, 3, 4, 2, 1] | locks [[7], [6], [3], [5], [1], [2], [0], [4]]
1313332202032031032330211222313030311302 | target [1, 3, 2, 0, 3, 1, 0, 2] | released [0, 1, 0, 1, 0, 1, 0, 1] | locks [[7], [5], [6], [3], [4], [2], [1], [0]]
0103333013203130123132103112003211103023 | target [3, 0, 0, 1, 1, 2, 2, 3] | released [3, 1, 3, 3, 1, 2, 1, 2] | locks [[6], [5], [7], [4], [3], [2], [0], [1]]
2321211222001313102300221031012311003133 | target [0, 0, 1, 1, 2, 2, 3, 3] | released [1, 3, 3, 3, 1, 2, 1, 2] | locks [[6], [5], [7], [4], [2], [3], [0], [1]]
0313233030030220302111130330312323000022 | target [3, 3, 0, 0, 1, 1, 2, 2] | released [3, 3, 3, 1, 3, 1, 2, 1] | locks [[7], [6], [3], [5], [1], [2], [4], [0]]
2113103003232201221121003101111012232303 | target [1, 0, 2, 1, 3, 2, 0, 3] | released [3, 3, 3, 1, 1, 1, 1, 1] | locks [[7], [5], [2], [1], [3], [0], [4], [6]]
0013121000232303200031321211312033333032 | target [0, 3, 1, 0, 2, 1, 3, 2] | released [3, 3, 1, 3, 3, 1, 2, 1] | locks [[7], [6], [5], [1], [4], [2], [3], [0]]
3131123033200122200021222031313101030212 | target [2, 3, 3, 0, 0, 1, 1, 2] | released [4, 2, 1, 2, 2, 4, 2, 1] | locks [[7], [6], [5], [2], [1], [4], [0], [3]]
2222101310031332121030131301020101221012 | target [2, 3, 3, 0, 0, 1, 1, 2] | held [1, 4, 2, 1, 2, 4, 2, 1] | locks [[7], [6], [5], [3], [2], [0], [4]]
1202012021220131201120022033031323132201 | target [1, 2, 2, 3, 3, 0, 0, 1] | released [0, 1, 0, 1, 0, 1, 0, 1] | locks [[7], [5], [3], [1], [0], [2], [4], [6]]
1211331130022100322303132031133200101020 | target [3, 1, 0, 2, 1, 3, 2, 0] | released [1, 0, 1, 0, 1, 2, 1, 2] | locks [[6], [4], [2], [7], [0], [5], [1], [3]]
2032133011031223103002012020111303032321 | target [3, 2, 0, 3, 1, 0, 2, 1] | released [3, 1, 2, 0, 4, 2, 1, 2] | locks [[6], [5], [4], [1], [7], [0], [2], [3]]
1011332031232212222200211030333112033030 | target [0, 1, 1, 2, 2, 3, 3, 0] | released [3, 3, 3, 1, 1, 3, 3, 1] | locks [[7], [2], [5], [6], [3], [1], [0], [4]]
0000011311212230211231133303312233200302 | target [1, 3, 2, 0, 3, 1, 0, 2] | released [3, 3, 3, 1, 0, 1, 0, 1] | locks [[7], [5], [3], [6], [4], [0], [2], [1]]
2221122232101021030220230210303311022001 | target [1, 2, 2, 3, 3, 0, 0, 1] | held [3, 2, 4, 2, 4, 2, 1, 2] | locks [[6], [5], [7], [4], [2], [3]]
0213231301311110113332233021211302023323 | target [3, 0, 0, 1, 1, 2, 2, 3] | released [0, 3, 3, 1, 3, 1, 0, 1] | locks [[7], [3], [5], [6], [2], [1], [4], [0]]
2010113112113033310231321122330001320123 | target [3, 0, 0, 1, 1, 2, 2, 3] | released [3, 3, 3, 3, 1, 0, 1, 1] | locks [[6], [4], [5], [0], [3], [2], [1], [7]]
0131220002021101120230221211332220332102 | target [1, 3, 2, 0, 3, 1, 0, 2] | released [0, 1, 0, 1, 0, 1, 0, 1] | locks [[7], [5], [3], [6], [4], [2], [1], [0]]
1321033113031311121100202000030133311322 | target [3, 3, 0, 0, 1, 1, 2, 2] | released [3, 3, 3, 1, 0, 1, 0, 1] | locks [[7], [3], [5], [6], [4], [1], [2], [0]]
2211303112121201223333311313012332231302 | target [1, 3, 2, 0, 3, 1, 0, 2] | released [3, 1, 0, 1, 0, 1, 0, 1] | locks [[7], [5], [6], [3], [4], [2], [1], [0]]
2122312201323020132032323301101022312012 | target [2, 3, 3, 0, 0, 1, 1, 2] | held [3, 1, 0, 1, 0, 1, 0, 1] | locks [[7], [5], [6], [4], [3], [2]]
3133001201113011202133121231133021103122 | target [3, 3, 0, 0, 1, 1, 2, 2] | released [3, 3, 3, 1, 0, 1, 0, 1] | locks [[7], [5], [3], [6], [4], [0], [1], [2]]
2302120222130133323321023122031220010031 | target [0, 2, 1, 3, 2, 0, 3, 1] | released [3, 3, 3, 2, 1, 2, 1, 2] | locks [[6], [5], [7], [3], [4], [0], [2], [1]]
1023211122320003133032301000312013330111 | target [2, 2, 3, 3, 0, 0, 1, 1] | released [3, 1, 0, 1, 0, 1, 0, 1] | locks [[7], [5], [3], [6], [1], [2], [4], [0]]
3201001003301100103121321133003331230211 | target [2, 2, 3, 3, 0, 0, 1, 1] | released [3, 3, 1, 3, 3, 1, 2, 1] | locks [[7], [6], [5], [3], [1], [4], [0], [2]]
3033112331233101300300323233000220021320 | target [3, 1, 0, 2, 1, 3, 2, 0] | released [3, 3, 3, 3, 0, 1, 0, 1] | locks [[5], [7], [6], [4], [2], [3], [1], [0]]
3210311312320001223333223121312310021110 | target [2, 1, 3, 2, 0, 3, 1, 0] | held [2, 4, 2, 4, 2, 1, 2, 1] | locks [[5], [7], [4], [3], [6], [1], [2]]
2312130213222031223112110220310110220311 | target [2, 2, 3, 3, 0, 0, 1, 1] | released [3, 1, 0, 1, 2, 1, 2, 1] | locks [[7], [6], [3], [5], [4], [1], [2], [0]]
3103232033323311312313323133220312010220 | target [3, 1, 0, 2, 1, 3, 2, 0] | released [3, 1, 3, 1, 2, 1, 2, 1] | locks [[7], [6], [4], [5], [3], [1], [0], [2]]
0331131121113122310121300300113211312100 | target [1, 1, 2, 2, 3, 3, 0, 0] | released [2, 0, 1, 0, 1, 0, 1, 2] | locks [[4], [6], [7], [2], [3], [5], [1], [0]]
2201323001030110311222103012200310202220 | target [3, 1, 0, 2, 1, 3, 2, 0] | released [1, 0, 1, 0, 1, 2, 1, 2] | locks [[6], [5], [7], [4], [2], [0], [1], [3]]
1221012003003322213031312132112122021220 | target [3, 1, 0, 2, 1, 3, 2, 0] | held [2, 4, 2, 1, 0, 4, 2, 1] | locks [[7], [6], [5], [3], [1], [2], [4]]
2110023203231110013313011303330221301102 | target [1, 3, 2, 0, 3, 1, 0, 2] | released [0, 1, 0, 1, 0, 1, 0, 1] | locks [[7], [5], [3], [6], [4], [2], [1], [0]]
2031103102131031032130120231110030313031 | target [0, 2, 1, 3, 2, 0, 3, 1] | released [3, 3, 1, 3, 3, 3, 1, 3] | locks [[6], [1], [5], [4], [7], [2], [0], [3]]
1212203133212023211130232012221330313200 | target [1, 1, 2, 2, 3, 3, 0, 0] | released [3, 3, 3, 3, 3, 1, 2, 1] | locks [[7], [6], [5], [2], [3], [1], [0], [4]]
1330001012113322330301033303003022113301 | target [1, 2, 2, 3, 3, 0, 0, 1] | released [0, 1, 0, 1, 0, 1, 0, 1] | locks [[7], [5], [3], [1], [2], [0], [4], [6]]
2230020122003202333330321320122302210332 | target [0, 3, 1, 0, 2, 1, 3, 2] | released [3, 3, 3, 1, 2, 1, 2, 1] | locks [[7], [6], [3], [5], [4], [0], [1], [2]]
1103213032023020220233331132212332132130 | target [0, 1, 1, 2, 2, 3, 3, 0] | released [3, 3, 3, 3, 1, 2, 1, 2] | locks [[6], [5], [7], [4], [0], [2], [3], [1]]
2103220311030032010122113311113232030331 | target [0, 2, 1, 3, 2, 0, 3, 1] | released [3, 3, 1, 3, 3, 1, 0, 1] | locks [[7], [5], [6], [1], [3], [4], [2], [0]]
0201321232320013011131323133220121011100 | target [1, 1, 2, 2, 3, 3, 0, 0] | released [3, 3, 3, 1, 2, 1, 2, 1] | locks [[7], [6], [5], [3], [4], [2], [1], [0]]
0332313200122022111011023113233320222212 | target [2, 3, 3, 0, 0, 1, 1, 2] | released [3, 1, 0, 1, 0, 1, 2, 1] | locks [[7], [6], [5], [4], [3], [2], [1], [0]]
1230312021112330303311112022232033100333 | target [0, 0, 1, 1, 2, 2, 3, 3] | released [1, 3, 3, 1, 3, 1, 2, 1] | locks [[7], [6], [3], [2], [0], [1], [4], [5]]
2102303030121010003012202203123103323221 | target [3, 2, 0, 3, 1, 0, 2, 1] | released [0, 1, 0, 1, 0, 1, 0, 1] | locks [[7], [5], [3], [1], [2], [0], [6], [4]]
3131321130203213032320022333313020023331 | target [0, 2, 1, 3, 2, 0, 3, 1] | released [3, 3, 1, 3, 3, 1, 1, 1] | locks [[7], [5], [1], [6], [4], [2], [0], [3]]
2312110213313023113001330022221102000130 | target [0, 1, 1, 2, 2, 3, 3, 0] | released [3, 3, 3, 3, 1, 2, 1, 2] | locks [[6], [5], [7], [4], [2], [3], [0], [1]]
2130122213013012233123312301311012102102 | target [1, 3, 2, 0, 3, 1, 0, 2] | released [0, 1, 0, 1, 0, 1, 0, 1] | locks [[7], [5], [3], [6], [4], [2], [1], [0]]
2132023132030132111323211213101313131031 | target [0, 2, 1, 3, 2, 0, 3, 1] | released [3, 1, 0, 1, 0, 1, 0, 1] | locks [[7], [5], [3], [6], [1], [4], [2], [0]]
0010220322112212120321120210232010311303 | target [1, 0, 2, 1, 3, 2, 0, 3] | released [3, 1, 3, 3, 3, 1, 0, 1] | locks [[7], [5], [6], [2], [3], [4], [0], [1]]
1000220230003112313022222332021121331230 | target [0, 1, 1, 2, 2, 3, 3, 0] | released [3, 1, 3, 3, 3, 1, 2, 1] | locks [[7], [6], [2], [0], [4], [5], [3], [1]]
0202200302011213132020332322221003320200 | target [1, 1, 2, 2, 3, 3, 0, 0] | released [0, 1, 0, 1, 2, 1, 2, 1] | locks [[7], [6], [5], [3], [4], [1], [0], [2]]
2202302222233311003031101221323331033103 | target [1, 0, 2, 1, 3, 2, 0, 3] | released [1, 3, 3, 3, 1, 3, 3, 1] | locks [[7], [2], [6], [5], [4], [3], [1], [0]]
2101210202112002122002103111000002311030 | target [0, 1, 1, 2, 2, 3, 3, 0] | released [3, 3, 3, 1, 3, 1, 2, 1] | locks [[7], [6], [3], [5], [0], [2], [1], [4]]
0013231112220321233102022221220020103132 | target [0, 3, 1, 0, 2, 1, 3, 2] | released [3, 3, 3, 1, 0, 1, 0, 1] | locks [[7], [5], [3], [6], [4], [0], [1], [2]]
3201310312221102132120012133222231220111 | target [2, 2, 3, 3, 0, 0, 1, 1] | released [0, 1, 0, 1, 0, 1, 0, 1] | locks [[7], [5], [3], [6], [1], [2], [4], [0]]
0023313230023331112031032012122003113333 | target [0, 0, 1, 1, 2, 2, 3, 3] | released [1, 1, 3, 3, 1, 1, 1, 1] | locks [[7], [5], [3], [4], [2], [0], [1], [6]]
3211201003231103131301022203000202021333 | target [0, 0, 1, 1, 2, 2, 3, 3] | released [1, 3, 3, 1, 3, 1, 0, 1] | locks [[7], [3], [5], [6], [1], [2], [4], [0]]
2111310133211211120233323133133310321210 | target [2, 1, 3, 2, 0, 3, 1, 0] | released [1, 2, 0, 1, 0, 1, 0, 1] | locks [[5], [7], [6], [3], [4], [2], [1], [0]]
