== opening on alternation, seed 2026093006
0101010101010101010101010101010101010101 | target [0, 1, 0, 1, 0, 1, 0, 1] | released [2, 1, 2, 1, 2, 1, 2, 1] | locks [[2], [1], [3], [5], [7], [6], [0], [4]]
0303030303030303030303030303030303030303 | target [0, 3, 0, 3, 0, 3, 0, 3] | released [3, 3, 3, 3, 3, 3, 3, 3] | locks [[5], [6], [4], [0], [1], [7], [2], [3]]
1010101010101010101010101010101010101010 | target [1, 0, 1, 0, 1, 0, 1, 0] | released [0, 1, 0, 1, 0, 1, 0, 1] | locks [[7], [5], [3], [1], [2], [0], [4], [6]]
3131313131313131313131313131313131313131 | target [3, 1, 3, 1, 3, 1, 3, 1] | released [3, 3, 3, 3, 3, 3, 3, 3] | locks [[6], [7], [5], [0], [1], [2], [3], [4]]
3232323232323232323232323232323232323232 | target [3, 2, 3, 2, 3, 2, 3, 2] | released [3, 3, 3, 3, 3, 3, 3, 3] | locks [[5], [4], [3], [2], [1], [0], [6], [7]]
1010101010101010101010101010101010101010 | target [1, 0, 1, 0, 1, 0, 1, 0] | released [0, 1, 0, 1, 0, 1, 0, 1] | locks [[7], [5], [3], [1], [2], [0], [4], [6]]
2020202020202020202020202020202020202020 | target [2, 0, 2, 0, 2, 0, 2, 0] | released [1, 0, 1, 0, 1, 2, 0, 2] | locks [[6], [2], [4], [0], [3], [5], [7], [1]]
1313131313131313131313131313131313131313 | target [1, 3, 1, 3, 1, 3, 1, 3] | released [3, 3, 3, 3, 3, 3, 3, 3] | locks [[5], [6], [7], [0], [1], [2], [4], [3]]
0000000000000000000000000000000000000000 | target [0, 0, 0, 0, 0, 0, 0, 0] | released [0, 0, 0, 0, 0, 0, 0, 0] | locks [[1], [3], [2], [0], [4], [5], [6], [7]]
3232323232323232323232323232323232323232 | target [3, 2, 3, 2, 3, 2, 3, 2] | released [3, 3, 3, 3, 3, 3, 3, 3] | locks [[5], [4], [3], [2], [1], [0], [6], [7]]
3131313131313131313131313131313131313131 | target [3, 1, 3, 1, 3, 1, 3, 1] | released [3, 3, 3, 3, 3, 3, 3, 3] | locks [[6], [7], [5], [0], [1], [2], [3], [4]]
0101010101010101010101010101010101010101 | target [0, 1, 0, 1, 0, 1, 0, 1] | released [2, 1, 2, 1, 2, 1, 2, 1] | locks [[2], [1], [3], [5], [7], [6], [0], [4]]
1010101010101010101010101010101010101010 | target [1, 0, 1, 0, 1, 0, 1, 0] | released [0, 1, 0, 1, 0, 1, 0, 1] | locks [[7], [5], [3], [1], [2], [0], [4], [6]]
3333333333333333333333333333333333333333 | target [3, 3, 3, 3, 3, 3, 3, 3] | released [3, 3, 3, 3, 3, 3, 3, 3] | locks [[5], [4], [3], [2], [1], [0], [6], [7]]
1212121212121212121212121212121212121212 | target [1, 2, 1, 2, 1, 2, 1, 2] | released [0, 1, 0, 1, 0, 1, 0, 1] | locks [[1], [3], [5], [7], [2], [0], [4], [6]]
0202020202020202020202020202020202020202 | target [0, 2, 0, 2, 0, 2, 0, 2] | released [0, 1, 2, 1, 2, 1, 2, 0] | locks [[7], [3], [5], [1], [0], [6], [4], [2]]
0101010101010101010101010101010101010101 | target [0, 1, 0, 1, 0, 1, 0, 1] | released [2, 1, 2, 1, 2, 1, 2, 1] | locks [[2], [1], [3], [5], [7], [6], [0], [4]]
1212121212121212121212121212121212121212 | target [1, 2, 1, 2, 1, 2, 1, 2] | released [0, 1, 0, 1, 0, 1, 0, 1] | locks [[1], [3], [5], [7], [2], [0], [4], [6]]
0000000000000000000000000000000000000000 | target [0, 0, 0, 0, 0, 0, 0, 0] | released [0, 0, 0, 0, 0, 0, 0, 0] | locks [[1], [3], [2], [0], [4], [5], [6], [7]]
3232323232323232323232323232323232323232 | target [3, 2, 3, 2, 3, 2, 3, 2] | released [3, 3, 3, 3, 3, 3, 3, 3] | locks [[5], [4], [3], [2], [1], [0], [6], [7]]
2121212121212121212121212121212121212121 | target [2, 1, 2, 1, 2, 1, 2, 1] | released [1, 0, 1, 0, 1, 2, 1, 2] | locks [[0], [4], [6], [2], [1], [3], [7], [5]]
0303030303030303030303030303030303030303 | target [0, 3, 0, 3, 0, 3, 0, 3] | released [3, 3, 3, 3, 3, 3, 3, 3] | locks [[5], [6], [4], [0], [1], [7], [2], [3]]
2020202020202020202020202020202020202020 | target [2, 0, 2, 0, 2, 0, 2, 0] | released [1, 0, 1, 0, 1, 2, 0, 2] | locks [[6], [2], [4], [0], [3], [5], [7], [1]]
3232323232323232323232323232323232323232 | target [3, 2, 3, 2, 3, 2, 3, 2] | released [3, 3, 3, 3, 3, 3, 3, 3] | locks [[5], [4], [3], [2], [1], [0], [6], [7]]
0303030303030303030303030303030303030303 | target [0, 3, 0, 3, 0, 3, 0, 3] | released [3, 3, 3, 3, 3, 3, 3, 3] | locks [[5], [6], [4], [0], [1], [7], [2], [3]]
2222222222222222222222222222222222222222 | target [2, 2, 2, 2, 2, 2, 2, 2] | released [3, 3, 1, 3, 3, 1, 1, 0] | locks [[7], [4], [1], [6], [3], [5], [0], [2]]
2020202020202020202020202020202020202020 | target [2, 0, 2, 0, 2, 0, 2, 0] | released [1, 0, 1, 0, 1, 2, 0, 2] | locks [[6], [2], [4], [0], [3], [5], [7], [1]]
3232323232323232323232323232323232323232 | target [3, 2, 3, 2, 3, 2, 3, 2] | released [3, 3, 3, 3, 3, 3, 3, 3] | locks [[5], [4], [3], [2], [1], [0], [6], [7]]
1313131313131313131313131313131313131313 | target [1, 3, 1, 3, 1, 3, 1, 3] | released [3, 3, 3, 3, 3, 3, 3, 3] | locks [[5], [6], [7], [0], [1], [2], [4], [3]]
3232323232323232323232323232323232323232 | target [3, 2, 3, 2, 3, 2, 3, 2] | released [3, 3, 3, 3, 3, 3, 3, 3] | locks [[5], [4], [3], [2], [1], [0], [6], [7]]
2020202020202020202020202020202020202020 | target [2, 0, 2, 0, 2, 0, 2, 0] | released [1, 0, 1, 0, 1, 2, 0, 2] | locks [[6], [2], [4], [0], [3], [5], [7], [1]]
1313131313131313131313131313131313131313 | target [1, 3, 1, 3, 1, 3, 1, 3] | released [3, 3, 3, 3, 3, 3, 3, 3] | locks [[5], [6], [7], [0], [1], [2], [4], [3]]
3131313131313131313131313131313131313131 | target [3, 1, 3, 1, 3, 1, 3, 1] | released [3, 3, 3, 3, 3, 3, 3, 3] | locks [[6], [7], [5], [0], [1], [2], [3], [4]]
0101010101010101010101010101010101010101 | target [0, 1, 0, 1, 0, 1, 0, 1] | released [2, 1, 2, 1, 2, 1, 2, 1] | locks [[2], [1], [3], [5], [7], [6], [0], [4]]
3232323232323232323232323232323232323232 | target [3, 2, 3, 2, 3, 2, 3, 2] | released [3, 3, 3, 3, 3, 3, 3, 3] | locks [[5], [4], [3], [2], [1], [0], [6], [7]]
2323232323232323232323232323232323232323 | target [2, 3, 2, 3, 2, 3, 2, 3] | released [3, 3, 3, 3, 3, 3, 3, 3] | locks [[6], [5], [4], [0], [1], [7], [2], [3]]
1010101010101010101010101010101010101010 | target [1, 0, 1, 0, 1, 0, 1, 0] | released [0, 1, 0, 1, 0, 1, 0, 1] | locks [[7], [5], [3], [1], [2], [0], [4], [6]]
0000000000000000000000000000000000000000 | target [0, 0, 0, 0, 0, 0, 0, 0] | released [0, 0, 0, 0, 0, 0, 0, 0] | locks [[1], [3], [2], [0], [4], [5], [6], [7]]
2121212121212121212121212121212121212121 | target [2, 1, 2, 1, 2, 1, 2, 1] | released [1, 0, 1, 0, 1, 2, 1, 2] | locks [[0], [4], [6], [2], [1], [3], [7], [5]]
0101010101010101010101010101010101010101 | target [0, 1, 0, 1, 0, 1, 0, 1] | released [2, 1, 2, 1, 2, 1, 2, 1] | locks [[2], [1], [3], [5], [7], [6], [0], [4]]
1313131313131313131313131313131313131313 | target [1, 3, 1, 3, 1, 3, 1, 3] | released [3, 3, 3, 3, 3, 3, 3, 3] | locks [[5], [6], [7], [0], [1], [2], [4], [3]]
0303030303030303030303030303030303030303 | target [0, 3, 0, 3, 0, 3, 0, 3] | released [3, 3, 3, 3, 3, 3, 3, 3] | locks [[5], [6], [4], [0], [1], [7], [2], [3]]
1010101010101010101010101010101010101010 | target [1, 0, 1, 0, 1, 0, 1, 0] | released [0, 1, 0, 1, 0, 1, 0, 1] | locks [[7], [5], [3], [1], [2], [0], [4], [6]]
3232323232323232323232323232323232323232 | target [3, 2, 3, 2, 3, 2, 3, 2] | released [3, 3, 3, 3, 3, 3, 3, 3] | locks [[5], [4], [3], [2], [1], [0], [6], [7]]
2323232323232323232323232323232323232323 | target [2, 3, 2, 3, 2, 3, 2, 3] | released [3, 3, 3, 3, 3, 3, 3, 3] | locks [[6], [5], [4], [0], [1], [7], [2], [3]]
3232323232323232323232323232323232323232 | target [3, 2, 3, 2, 3, 2, 3, 2] | released [3, 3, 3, 3, 3, 3, 3, 3] | locks [[5], [4], [3], [2], [1], [0], [6], [7]]
0202020202020202020202020202020202020202 | target [0, 2, 0, 2, 0, 2, 0, 2] | released [0, 1, 2, 1, 2, 1, 2, 0] | locks [[7], [3], [5], [1], [0], [6], [4], [2]]
3131313131313131313131313131313131313131 | target [3, 1, 3, 1, 3, 1, 3, 1] | released [3, 3, 3, 3, 3, 3, 3, 3] | locks [[6], [7], [5], [0], [1], [2], [3], [4]]
2222222222222222222222222222222222222222 | target [2, 2, 2, 2, 2, 2, 2, 2] | released [3, 3, 1, 3, 3, 1, 1, 0] | locks [[7], [4], [1], [6], [3], [5], [0], [2]]
1010101010101010101010101010101010101010 | target [1, 0, 1, 0, 1, 0, 1, 0] | released [0, 1, 0, 1, 0, 1, 0, 1] | locks [[7], [5], [3], [1], [2], [0], [4], [6]]
3030303030303030303030303030303030303030 | target [3, 0, 3, 0, 3, 0, 3, 0] | released [3, 3, 3, 3, 3, 3, 3, 3] | locks [[4], [5], [6], [0], [1], [7], [2], [3]]
3232323232323232323232323232323232323232 | target [3, 2, 3, 2, 3, 2, 3, 2] | released [3, 3, 3, 3, 3, 3, 3, 3] | locks [[5], [4], [3], [2], [1], [0], [6], [7]]
2020202020202020202020202020202020202020 | target [2, 0, 2, 0, 2, 0, 2, 0] | released [1, 0, 1, 0, 1, 2, 0, 2] | locks [[6], [2], [4], [0], [3], [5], [7], [1]]
3333333333333333333333333333333333333333 | target [3, 3, 3, 3, 3, 3, 3, 3] | released [3, 3, 3, 3, 3, 3, 3, 3] | locks [[5], [4], [3], [2], [1], [0], [6], [7]]
1111111111111111111111111111111111111111 | target [1, 1, 1, 1, 1, 1, 1, 1] | released [0, 1, 0, 1, 0, 1, 2, 1] | locks [[1], [3], [5], [7], [2], [0], [4], [6]]
0303030303030303030303030303030303030303 | target [0, 3, 0, 3, 0, 3, 0, 3] | released [3, 3, 3, 3, 3, 3, 3, 3] | locks [[5], [6], [4], [0], [1], [7], [2], [3]]
3131313131313131313131313131313131313131 | target [3, 1, 3, 1, 3, 1, 3, 1] | released [3, 3, 3, 3, 3, 3, 3, 3] | locks [[6], [7], [5], [0], [1], [2], [3], [4]]
0000000000000000000000000000000000000000 | target [0, 0, 0, 0, 0, 0, 0, 0] | released [0, 0, 0, 0, 0, 0, 0, 0] | locks [[1], [3], [2], [0], [4], [5], [6], [7]]
0000000000000000000000000000000000000000 | target [0, 0, 0, 0, 0, 0, 0, 0] | released [0, 0, 0, 0, 0, 0, 0, 0] | locks [[1], [3], [2], [0], [4], [5], [6], [7]]
3232323232323232323232323232323232323232 | target [3, 2, 3, 2, 3, 2, 3, 2] | released [3, 3, 3, 3, 3, 3, 3, 3] | locks [[5], [4], [3], [2], [1], [0], [6], [7]]
3131313131313131313131313131313131313131 | target [3, 1, 3, 1, 3, 1, 3, 1] | released [3, 3, 3, 3, 3, 3, 3, 3] | locks [[6], [7], [5], [0], [1], [2], [3], [4]]
1111111111111111111111111111111111111111 | target [1, 1, 1, 1, 1, 1, 1, 1] | released [0, 1, 0, 1, 0, 1, 2, 1] | locks [[1], [3], [5], [7], [2], [0], [4], [6]]
2222222222222222222222222222222222222222 | target [2, 2, 2, 2, 2, 2, 2, 2] | released [3, 3, 1, 3, 3, 1, 1, 0] | locks [[7], [4], [1], [6], [3], [5], [0], [2]]
0202020202020202020202020202020202020202 | target [0, 2, 0, 2, 0, 2, 0, 2] | released [0, 1, 2, 1, 2, 1, 2, 0] | locks [[7], [3], [5], [1], [0], [6], [4], [2]]
0303030303030303030303030303030303030303 | target [0, 3, 0, 3, 0, 3, 0, 3] | released [3, 3, 3, 3, 3, 3, 3, 3] | locks [[5], [6], [4], [0], [1], [7], [2], [3]]
1111111111111111111111111111111111111111 | target [1, 1, 1, 1, 1, 1, 1, 1] | released [0, 1, 0, 1, 0, 1, 2, 1] | locks [[1], [3], [5], [7], [2], [0], [4], [6]]
0303030303030303030303030303030303030303 | target [0, 3, 0, 3, 0, 3, 0, 3] | released [3, 3, 3, 3, 3, 3, 3, 3] | locks [[5], [6], [4], [0], [1], [7], [2], [3]]
3030303030303030303030303030303030303030 | target [3, 0, 3, 0, 3, 0, 3, 0] | released [3, 3, 3, 3, 3, 3, 3, 3] | locks [[4], [5], [6], [0], [1], [7], [2], [3]]
2020202020202020202020202020202020202020 | target [2, 0, 2, 0, 2, 0, 2, 0] | released [1, 0, 1, 0, 1, 2, 0, 2] | locks [[6], [2], [4], [0], [3], [5], [7], [1]]
3232323232323232323232323232323232323232 | target [3, 2, 3, 2, 3, 2, 3, 2] | released [3, 3, 3, 3, 3, 3, 3, 3] | locks [[5], [4], [3], [2], [1], [0], [6], [7]]
0303030303030303030303030303030303030303 | target [0, 3, 0, 3, 0, 3, 0, 3] | released [3, 3, 3, 3, 3, 3, 3, 3] | locks [[5], [6], [4], [0], [1], [7], [2], [3]]
2020202020202020202020202020202020202020 | target [2, 0, 2, 0, 2, 0, 2, 0] | released [1, 0, 1, 0, 1, 2, 0, 2] | locks [[6], [2], [4], [0], [3], [5], [7], [1]]
2323232323232323232323232323232323232323 | target [2, 3, 2, 3, 2, 3, 2, 3] | released [3, 3, 3, 3, 3, 3, 3, 3] | locks [[6], [5], [4], [0], [1], [7], [2], [3]]
3131313131313131313131313131313131313131 | target [3, 1, 3, 1, 3, 1, 3, 1] | released [3, 3, 3, 3, 3, 3, 3, 3] | locks [[6], [7], [5], [0], [1], [2], [3], [4]]
2222222222222222222222222222222222222222 | target [2, 2, 2, 2, 2, 2, 2, 2] | released [3, 3, 1, 3, 3, 1, 1, 0] | locks [[7], [4], [1], [6], [3], [5], [0], [2]]
3030303030303030303030303030303030303030 | target [3, 0, 3, 0, 3, 0, 3, 0] | released [3, 3, 3, 3, 3, 3, 3, 3] | locks [[4], [5], [6], [0], [1], [7], [2], [3]]
2121212121212121212121212121212121212121 | target [2, 1, 2, 1, 2, 1, 2, 1] | released [1, 0, 1, 0, 1, 2, 1, 2] | locks [[0], [4], [6], [2], [1], [3], [7], [5]]
1010101010101010101010101010101010101010 | target [1, 0, 1, 0, 1, 0, 1, 0] | released [0, 1, 0, 1, 0, 1, 0, 1] | locks [[7], [5], [3], [1], [2], [0], [4], [6]]
2020202020202020202020202020202020202020 | target [2, 0, 2, 0, 2, 0, 2, 0] | released [1, 0, 1, 0, 1, 2, 0, 2] | locks [[6], [2], [4], [0], [3], [5], [7], [1]]
0202020202020202020202020202020202020202 | target [0, 2, 0, 2, 0, 2, 0, 2] | released [0, 1, 2, 1, 2, 1, 2, 0] | locks [[7], [3], [5], [1], [0], [6], [4], [2]]
1313131313131313131313131313131313131313 | target [1, 3, 1, 3, 1, 3, 1, 3] | released [3, 3, 3, 3, 3, 3, 3, 3] | locks [[5], [6], [7], [0], [1], [2], [4], [3]]
2020202020202020202020202020202020202020 | target [2, 0, 2, 0, 2, 0, 2, 0] | released [1, 0, 1, 0, 1, 2, 0, 2] | locks [[6], [2], [4], [0], [3], [5], [7], [1]]
3333333333333333333333333333333333333333 | target [3, 3, 3, 3, 3, 3, 3, 3] | released [3, 3, 3, 3, 3, 3, 3, 3] | locks [[5], [4], [3], [2], [1], [0], [6], [7]]
0000000000000000000000000000000000000000 | target [0, 0, 0, 0, 0, 0, 0, 0] | released [0, 0, 0, 0, 0, 0, 0, 0] | locks [[1], [3], [2], [0], [4], [5], [6], [7]]
0000000000000000000000000000000000000000 | target [0, 0, 0, 0, 0, 0, 0, 0] | released [0, 0, 0, 0, 0, 0, 0, 0] | locks [[1], [3], [2], [0], [4], [5], [6], [7]]
2020202020202020202020202020202020202020 | target [2, 0, 2, 0, 2, 0, 2, 0] | released [1, 0, 1, 0, 1, 2, 0, 2] | locks [[6], [2], [4], [0], [3], [5], [7], [1]]
0303030303030303030303030303030303030303 | target [0, 3, 0, 3, 0, 3, 0, 3] | released [3, 3, 3, 3, 3, 3, 3, 3] | locks [[5], [6], [4], [0], [1], [7], [2], [3]]
1111111111111111111111111111111111111111 | target [1, 1, 1, 1, 1, 1, 1, 1] | released [0, 1, 0, 1, 0, 1, 2, 1] | locks [[1], [3], [5], [7], [2], [0], [4], [6]]
1111111111111111111111111111111111111111 | target [1, 1, 1, 1, 1, 1, 1, 1] | released [0, 1, 0, 1, 0, 1, 2, 1] | locks [[1], [3], [5], [7], [2], [0], [4], [6]]
3232323232323232323232323232323232323232 | target [3, 2, 3, 2, 3, 2, 3, 2] | released [3, 3, 3, 3, 3, 3, 3, 3] | locks [[5], [4], [3], [2], [1], [0], [6], [7]]
3333333333333333333333333333333333333333 | target [3, 3, 3, 3, 3, 3, 3, 3] | released [3, 3, 3, 3, 3, 3, 3, 3] | locks [[5], [4], [3], [2], [1], [0], [6], [7]]
3232323232323232323232323232323232323232 | target [3, 2, 3, 2, 3, 2, 3, 2] | released [3, 3, 3, 3, 3, 3, 3, 3] | locks [[5], [4], [3], [2], [1], [0], [6], [7]]
1212121212121212121212121212121212121212 | target [1, 2, 1, 2, 1, 2, 1, 2] | released [0, 1, 0, 1, 0, 1, 0, 1] | locks [[1], [3], [5], [7], [2], [0], [4], [6]]
0101010101010101010101010101010101010101 | target [0, 1, 0, 1, 0, 1, 0, 1] | released [2, 1, 2, 1, 2, 1, 2, 1] | locks [[2], [1], [3], [5], [7], [6], [0], [4]]
0101010101010101010101010101010101010101 | target [0, 1, 0, 1, 0, 1, 0, 1] | released [2, 1, 2, 1, 2, 1, 2, 1] | locks [[2], [1], [3], [5], [7], [6], [0], [4]]
2121212121212121212121212121212121212121 | target [2, 1, 2, 1, 2, 1, 2, 1] | released [1, 0, 1, 0, 1, 2, 1, 2] | locks [[0], [4], [6], [2], [1], [3], [7], [5]]
3232323232323232323232323232323232323232 | target [3, 2, 3, 2, 3, 2, 3, 2] | released [3, 3, 3, 3, 3, 3, 3, 3] | locks [[5], [4], [3], [2], [1], [0], [6], [7]]
0202020202020202020202020202020202020202 | target [0, 2, 0, 2, 0, 2, 0, 2] | released [0, 1, 2, 1, 2, 1, 2, 0] | locks [[7], [3], [5], [1], [0], [6], [4], [2]]
2323232323232323232323232323232323232323 | target [2, 3, 2, 3, 2, 3, 2, 3] | released [3, 3, 3, 3, 3, 3, 3, 3] | locks [[6], [5], [4], [0], [1], [7], [2], [3]]
2222222222222222222222222222222222222222 | target [2, 2, 2, 2, 2, 2, 2, 2] | released [3, 3, 1, 3, 3, 1, 1, 0] | locks [[7], [4], [1], [6], [3], [5], [0], [2]]
3131313131313131313131313131313131313131 | target [3, 1, 3, 1, 3, 1, 3, 1] | released [3, 3, 3, 3, 3, 3, 3, 3] | locks [[6], [7], [5], [0], [1], [2], [3], [4]]
1010101010101010101010101010101010101010 | target [1, 0, 1, 0, 1, 0, 1, 0] | released [0, 1, 0, 1, 0, 1, 0, 1] | locks [[7], [5], [3], [1], [2], [0], [4], [6]]
2222222222222222222222222222222222222222 | target [2, 2, 2, 2, 2, 2, 2, 2] | released [3, 3, 1, 3, 3, 1, 1, 0] | locks [[7], [4], [1], [6], [3], [5], [0], [2]]
2222222222222222222222222222222222222222 | target [2, 2, 2, 2, 2, 2, 2, 2] | released [3, 3, 1, 3, 3, 1, 1, 0] | locks [[7], [4], [1], [6], [3], [5], [0], [2]]
3232323232323232323232323232323232323232 | target [3, 2, 3, 2, 3, 2, 3, 2] | released [3, 3, 3, 3, 3, 3, 3, 3] | locks [[5], [4], [3], [2], [1], [0], [6], [7]]
1111111111111111111111111111111111111111 | target [1, 1, 1, 1, 1, 1, 1, 1] | released [0, 1, 0, 1, 0, 1, 2, 1] | locks [[1], [3], [5], [7], [2], [0], [4], [6]]
3232323232323232323232323232323232323232 | target [3, 2, 3, 2, 3, 2, 3, 2] | released [3, 3, 3, 3, 3, 3, 3, 3] | locks [[5], [4], [3], [2], [1], [0], [6], [7]]
2121212121212121212121212121212121212121 | target [2, 1, 2, 1, 2, 1, 2, 1] | released [1, 0, 1, 0, 1, 2, 1, 2] | locks [[0], [4], [6], [2], [1], [3], [7], [5]]
2020202020202020202020202020202020202020 | target [2, 0, 2, 0, 2, 0, 2, 0] | released [1, 0, 1, 0, 1, 2, 0, 2] | locks [[6], [2], [4], [0], [3], [5], [7], [1]]
0000000000000000000000000000000000000000 | target [0, 0, 0, 0, 0, 0, 0, 0] | released [0, 0, 0, 0, 0, 0, 0, 0] | locks [[1], [3], [2], [0], [4], [5], [6], [7]]
1313131313131313131313131313131313131313 | target [1, 3, 1, 3, 1, 3, 1, 3] | released [3, 3, 3, 3, 3, 3, 3, 3] | locks [[5], [6], [7], [0], [1], [2], [4], [3]]
3131313131313131313131313131313131313131 | target [3, 1, 3, 1, 3, 1, 3, 1] | released [3, 3, 3, 3, 3, 3, 3, 3] | locks [[6], [7], [5], [0], [1], [2], [3], [4]]
0000000000000000000000000000000000000000 | target [0, 0, 0, 0, 0, 0, 0, 0] | released [0, 0, 0, 0, 0, 0, 0, 0] | locks [[1], [3], [2], [0], [4], [5], [6], [7]]
3232323232323232323232323232323232323232 | target [3, 2, 3, 2, 3, 2, 3, 2] | released [3, 3, 3, 3, 3, 3, 3, 3] | locks [[5], [4], [3], [2], [1], [0], [6], [7]]
3131313131313131313131313131313131313131 | target [3, 1, 3, 1, 3, 1, 3, 1] | released [3, 3, 3, 3, 3, 3, 3, 3] | locks [[6], [7], [5], [0], [1], [2], [3], [4]]
1212121212121212121212121212121212121212 | target [1, 2, 1, 2, 1, 2, 1, 2] | released [0, 1, 0, 1, 0, 1, 0, 1] | locks [[1], [3], [5], [7], [2], [0], [4], [6]]
0101010101010101010101010101010101010101 | target [0, 1, 0, 1, 0, 1, 0, 1] | released [2, 1, 2, 1, 2, 1, 2, 1] | locks [[2], [1], [3], [5], [7], [6], [0], [4]]
3131313131313131313131313131313131313131 | target [3, 1, 3, 1, 3, 1, 3, 1] | released [3, 3, 3, 3, 3, 3, 3, 3] | locks [[6], [7], [5], [0], [1], [2], [3], [4]]
1111111111111111111111111111111111111111 | target [1, 1, 1, 1, 1, 1, 1, 1] | released [0, 1, 0, 1, 0, 1, 2, 1] | locks [[1], [3], [5], [7], [2], [0], [4], [6]]
2020202020202020202020202020202020202020 | target [2, 0, 2, 0, 2, 0, 2, 0] | released [1, 0, 1, 0, 1, 2, 0, 2] | locks [[6], [2], [4], [0], [3], [5], [7], [1]]
1313131313131313131313131313131313131313 | target [1, 3, 1, 3, 1, 3, 1, 3] | released [3, 3, 3, 3, 3, 3, 3, 3] | locks [[5], [6], [7], [0], [1], [2], [4], [3]]
0101010101010101010101010101010101010101 | target [0, 1, 0, 1, 0, 1, 0, 1] | released [2, 1, 2, 1, 2, 1, 2, 1] | locks [[2], [1], [3], [5], [7], [6], [0], [4]]
3131313131313131313131313131313131313131 | target [3, 1, 3, 1, 3, 1, 3, 1] | released [3, 3, 3, 3, 3, 3, 3, 3] | locks [[6], [7], [5], [0], [1], [2], [3], [4]]
0000000000000000000000000000000000000000 | target [0, 0, 0, 0, 0, 0, 0, 0] | released [0, 0, 0, 0, 0, 0, 0, 0] | locks [[1], [3], [2], [0], [4], [5], [6], [7]]
1212121212121212121212121212121212121212 | target [1, 2, 1, 2, 1, 2, 1, 2] | released [0, 1, 0, 1, 0, 1, 0, 1] | locks [[1], [3], [5], [7], [2], [0], [4], [6]]
2323232323232323232323232323232323232323 | target [2, 3, 2, 3, 2, 3, 2, 3] | released [3, 3, 3, 3, 3, 3, 3, 3] | locks [[6], [5], [4], [0], [1], [7], [2], [3]]
0101010101010101010101010101010101010101 | target [0, 1, 0, 1, 0, 1, 0, 1] | released [2, 1, 2, 1, 2, 1, 2, 1] | locks [[2], [1], [3], [5], [7], [6], [0], [4]]
2323232323232323232323232323232323232323 | target [2, 3, 2, 3, 2, 3, 2, 3] | released [3, 3, 3, 3, 3, 3, 3, 3] | locks [[6], [5], [4], [0], [1], [7], [2], [3]]
== executed-open on alternation, seed 2026093006
0101010101010101010101010101010101010101 | target [0, 1, 0, 1, 0, 1, 0, 1] | released [3, 2, 1, 1, 1, 2, 1, 1] | locks [[1], [5], [3], [6], [2], [7], [0], [4]]
0303030303030303030303030303030303030303 | target [0, 3, 0, 3, 0, 3, 0, 3] | released [0, 0, 0, 0, 0, 0, 0, 0] | locks [[1], [3], [2], [4], [5], [6], [7], [0]]
1010101010101010101010101010101010101010 | target [1, 0, 1, 0, 1, 0, 1, 0] | released [2, 1, 1, 3, 2, 1, 1, 3] | locks [[0], [4], [2], [5], [1], [6], [7], [3]]
3131313131313131313131313131313131313131 | target [3, 1, 3, 1, 3, 1, 3, 1] | released [3, 3, 3, 3, 3, 3, 3, 3] | locks [[6], [0], [7], [1], [2], [5], [3], [4]]
3232323232323232323232323232323232323232 | target [3, 2, 3, 2, 3, 2, 3, 2] | released [3, 3, 3, 3, 3, 3, 3, 3] | locks [[3], [2], [1], [7], [6], [0], [5], [4]]
1010101010101010101010101010101010101010 | target [1, 0, 1, 0, 1, 0, 1, 0] | released [2, 1, 1, 3, 2, 1, 1, 3] | locks [[0], [4], [2], [5], [1], [6], [7], [3]]
2020202020202020202020202020202020202020 | target [2, 0, 2, 0, 2, 0, 2, 0] | released [2, 2, 2, 0, 2, 2, 2, 2] | locks [[0], [4], [2], [6], [3], [1], [5], [7]]
1313131313131313131313131313131313131313 | target [1, 3, 1, 3, 1, 3, 1, 3] | released [3, 3, 3, 3, 3, 3, 3, 3] | locks [[7], [1], [0], [6], [2], [5], [3], [4]]
0000000000000000000000000000000000000000 | target [0, 0, 0, 0, 0, 0, 0, 0] | released [0, 0, 0, 0, 0, 0, 0, 0] | locks [[1], [0], [2], [3], [4], [5], [6], [7]]
3232323232323232323232323232323232323232 | target [3, 2, 3, 2, 3, 2, 3, 2] | released [3, 3, 3, 3, 3, 3, 3, 3] | locks [[3], [2], [1], [7], [6], [0], [5], [4]]
3131313131313131313131313131313131313131 | target [3, 1, 3, 1, 3, 1, 3, 1] | released [3, 3, 3, 3, 3, 3, 3, 3] | locks [[6], [0], [7], [1], [2], [5], [3], [4]]
0101010101010101010101010101010101010101 | target [0, 1, 0, 1, 0, 1, 0, 1] | released [3, 2, 1, 1, 1, 2, 1, 1] | locks [[1], [5], [3], [6], [2], [7], [0], [4]]
1010101010101010101010101010101010101010 | target [1, 0, 1, 0, 1, 0, 1, 0] | released [2, 1, 1, 3, 2, 1, 1, 3] | locks [[0], [4], [2], [5], [1], [6], [7], [3]]
3333333333333333333333333333333333333333 | target [3, 3, 3, 3, 3, 3, 3, 3] | released [3, 3, 3, 3, 3, 3, 3, 3] | locks [[0], [6], [7], [5], [1], [2], [3], [4]]
1212121212121212121212121212121212121212 | target [1, 2, 1, 2, 1, 2, 1, 2] | released [1, 1, 1, 1, 1, 1, 1, 1] | locks [[1], [5], [7], [3], [2], [6], [4], [0]]
0202020202020202020202020202020202020202 | target [0, 2, 0, 2, 0, 2, 0, 2] | released [0, 2, 2, 2, 2, 2, 2, 2] | locks [[1], [5], [3], [7], [0], [6], [4], [2]]
0101010101010101010101010101010101010101 | target [0, 1, 0, 1, 0, 1, 0, 1] | released [3, 2, 1, 1, 1, 2, 1, 1] | locks [[1], [5], [3], [6], [2], [7], [0], [4]]
1212121212121212121212121212121212121212 | target [1, 2, 1, 2, 1, 2, 1, 2] | released [1, 1, 1, 1, 1, 1, 1, 1] | locks [[1], [5], [7], [3], [2], [6], [4], [0]]
0000000000000000000000000000000000000000 | target [0, 0, 0, 0, 0, 0, 0, 0] | released [0, 0, 0, 0, 0, 0, 0, 0] | locks [[1], [0], [2], [3], [4], [5], [6], [7]]
3232323232323232323232323232323232323232 | target [3, 2, 3, 2, 3, 2, 3, 2] | released [3, 3, 3, 3, 3, 3, 3, 3] | locks [[3], [2], [1], [7], [6], [0], [5], [4]]
2121212121212121212121212121212121212121 | target [2, 1, 2, 1, 2, 1, 2, 1] | released [1, 1, 1, 1, 1, 1, 1, 1] | locks [[0], [4], [6], [5], [1], [2], [3], [7]]
0303030303030303030303030303030303030303 | target [0, 3, 0, 3, 0, 3, 0, 3] | released [0, 0, 0, 0, 0, 0, 0, 0] | locks [[1], [3], [2], [4], [5], [6], [7], [0]]
2020202020202020202020202020202020202020 | target [2, 0, 2, 0, 2, 0, 2, 0] | released [2, 2, 2, 0, 2, 2, 2, 2] | locks [[0], [4], [2], [6], [3], [1], [5], [7]]
3232323232323232323232323232323232323232 | target [3, 2, 3, 2, 3, 2, 3, 2] | released [3, 3, 3, 3, 3, 3, 3, 3] | locks [[3], [2], [1], [7], [6], [0], [5], [4]]
0303030303030303030303030303030303030303 | target [0, 3, 0, 3, 0, 3, 0, 3] | released [0, 0, 0, 0, 0, 0, 0, 0] | locks [[1], [3], [2], [4], [5], [6], [7], [0]]
2222222222222222222222222222222222222222 | target [2, 2, 2, 2, 2, 2, 2, 2] | released [3, 3, 3, 3, 3, 3, 3, 0] | locks [[7], [3], [2], [1], [0], [5], [4], [6]]
2020202020202020202020202020202020202020 | target [2, 0, 2, 0, 2, 0, 2, 0] | released [2, 2, 2, 0, 2, 2, 2, 2] | locks [[0], [4], [2], [6], [3], [1], [5], [7]]
3232323232323232323232323232323232323232 | target [3, 2, 3, 2, 3, 2, 3, 2] | released [3, 3, 3, 3, 3, 3, 3, 3] | locks [[3], [2], [1], [7], [6], [0], [5], [4]]
1313131313131313131313131313131313131313 | target [1, 3, 1, 3, 1, 3, 1, 3] | released [3, 3, 3, 3, 3, 3, 3, 3] | locks [[7], [1], [0], [6], [2], [5], [3], [4]]
3232323232323232323232323232323232323232 | target [3, 2, 3, 2, 3, 2, 3, 2] | released [3, 3, 3, 3, 3, 3, 3, 3] | locks [[3], [2], [1], [7], [6], [0], [5], [4]]
2020202020202020202020202020202020202020 | target [2, 0, 2, 0, 2, 0, 2, 0] | released [2, 2, 2, 0, 2, 2, 2, 2] | locks [[0], [4], [2], [6], [3], [1], [5], [7]]
1313131313131313131313131313131313131313 | target [1, 3, 1, 3, 1, 3, 1, 3] | released [3, 3, 3, 3, 3, 3, 3, 3] | locks [[7], [1], [0], [6], [2], [5], [3], [4]]
3131313131313131313131313131313131313131 | target [3, 1, 3, 1, 3, 1, 3, 1] | released [3, 3, 3, 3, 3, 3, 3, 3] | locks [[6], [0], [7], [1], [2], [5], [3], [4]]
0101010101010101010101010101010101010101 | target [0, 1, 0, 1, 0, 1, 0, 1] | released [3, 2, 1, 1, 1, 2, 1, 1] | locks [[1], [5], [3], [6], [2], [7], [0], [4]]
3232323232323232323232323232323232323232 | target [3, 2, 3, 2, 3, 2, 3, 2] | released [3, 3, 3, 3, 3, 3, 3, 3] | locks [[3], [2], [1], [7], [6], [0], [5], [4]]
2323232323232323232323232323232323232323 | target [2, 3, 2, 3, 2, 3, 2, 3] | released [3, 3, 3, 3, 3, 3, 3, 3] | locks [[3], [4], [2], [1], [0], [5], [6], [7]]
1010101010101010101010101010101010101010 | target [1, 0, 1, 0, 1, 0, 1, 0] | released [2, 1, 1, 3, 2, 1, 1, 3] | locks [[0], [4], [2], [5], [1], [6], [7], [3]]
0000000000000000000000000000000000000000 | target [0, 0, 0, 0, 0, 0, 0, 0] | released [0, 0, 0, 0, 0, 0, 0, 0] | locks [[1], [0], [2], [3], [4], [5], [6], [7]]
2121212121212121212121212121212121212121 | target [2, 1, 2, 1, 2, 1, 2, 1] | released [1, 1, 1, 1, 1, 1, 1, 1] | locks [[0], [4], [6], [5], [1], [2], [3], [7]]
0101010101010101010101010101010101010101 | target [0, 1, 0, 1, 0, 1, 0, 1] | released [3, 2, 1, 1, 1, 2, 1, 1] | locks [[1], [5], [3], [6], [2], [7], [0], [4]]
1313131313131313131313131313131313131313 | target [1, 3, 1, 3, 1, 3, 1, 3] | released [3, 3, 3, 3, 3, 3, 3, 3] | locks [[7], [1], [0], [6], [2], [5], [3], [4]]
0303030303030303030303030303030303030303 | target [0, 3, 0, 3, 0, 3, 0, 3] | released [0, 0, 0, 0, 0, 0, 0, 0] | locks [[1], [3], [2], [4], [5], [6], [7], [0]]
1010101010101010101010101010101010101010 | target [1, 0, 1, 0, 1, 0, 1, 0] | released [2, 1, 1, 3, 2, 1, 1, 3] | locks [[0], [4], [2], [5], [1], [6], [7], [3]]
3232323232323232323232323232323232323232 | target [3, 2, 3, 2, 3, 2, 3, 2] | released [3, 3, 3, 3, 3, 3, 3, 3] | locks [[3], [2], [1], [7], [6], [0], [5], [4]]
2323232323232323232323232323232323232323 | target [2, 3, 2, 3, 2, 3, 2, 3] | released [3, 3, 3, 3, 3, 3, 3, 3] | locks [[3], [4], [2], [1], [0], [5], [6], [7]]
3232323232323232323232323232323232323232 | target [3, 2, 3, 2, 3, 2, 3, 2] | released [3, 3, 3, 3, 3, 3, 3, 3] | locks [[3], [2], [1], [7], [6], [0], [5], [4]]
0202020202020202020202020202020202020202 | target [0, 2, 0, 2, 0, 2, 0, 2] | released [0, 2, 2, 2, 2, 2, 2, 2] | locks [[1], [5], [3], [7], [0], [6], [4], [2]]
3131313131313131313131313131313131313131 | target [3, 1, 3, 1, 3, 1, 3, 1] | released [3, 3, 3, 3, 3, 3, 3, 3] | locks [[6], [0], [7], [1], [2], [5], [3], [4]]
2222222222222222222222222222222222222222 | target [2, 2, 2, 2, 2, 2, 2, 2] | released [3, 3, 3, 3, 3, 3, 3, 0] | locks [[7], [3], [2], [1], [0], [5], [4], [6]]
1010101010101010101010101010101010101010 | target [1, 0, 1, 0, 1, 0, 1, 0] | released [2, 1, 1, 3, 2, 1, 1, 3] | locks [[0], [4], [2], [5], [1], [6], [7], [3]]
3030303030303030303030303030303030303030 | target [3, 0, 3, 0, 3, 0, 3, 0] | released [0, 0, 0, 0, 0, 0, 0, 0] | locks [[0], [2], [1], [3], [4], [5], [6], [7]]
3232323232323232323232323232323232323232 | target [3, 2, 3, 2, 3, 2, 3, 2] | released [3, 3, 3, 3, 3, 3, 3, 3] | locks [[3], [2], [1], [7], [6], [0], [5], [4]]
2020202020202020202020202020202020202020 | target [2, 0, 2, 0, 2, 0, 2, 0] | released [2, 2, 2, 0, 2, 2, 2, 2] | locks [[0], [4], [2], [6], [3], [1], [5], [7]]
3333333333333333333333333333333333333333 | target [3, 3, 3, 3, 3, 3, 3, 3] | released [3, 3, 3, 3, 3, 3, 3, 3] | locks [[0], [6], [7], [5], [1], [2], [3], [4]]
1111111111111111111111111111111111111111 | target [1, 1, 1, 1, 1, 1, 1, 1] | released [1, 1, 1, 1, 1, 1, 1, 1] | locks [[3], [2], [1], [0], [4], [5], [6], [7]]
0303030303030303030303030303030303030303 | target [0, 3, 0, 3, 0, 3, 0, 3] | released [0, 0, 0, 0, 0, 0, 0, 0] | locks [[1], [3], [2], [4], [5], [6], [7], [0]]
3131313131313131313131313131313131313131 | target [3, 1, 3, 1, 3, 1, 3, 1] | released [3, 3, 3, 3, 3, 3, 3, 3] | locks [[6], [0], [7], [1], [2], [5], [3], [4]]
0000000000000000000000000000000000000000 | target [0, 0, 0, 0, 0, 0, 0, 0] | released [0, 0, 0, 0, 0, 0, 0, 0] | locks [[1], [0], [2], [3], [4], [5], [6], [7]]
0000000000000000000000000000000000000000 | target [0, 0, 0, 0, 0, 0, 0, 0] | released [0, 0, 0, 0, 0, 0, 0, 0] | locks [[1], [0], [2], [3], [4], [5], [6], [7]]
3232323232323232323232323232323232323232 | target [3, 2, 3, 2, 3, 2, 3, 2] | released [3, 3, 3, 3, 3, 3, 3, 3] | locks [[3], [2], [1], [7], [6], [0], [5], [4]]
3131313131313131313131313131313131313131 | target [3, 1, 3, 1, 3, 1, 3, 1] | released [3, 3, 3, 3, 3, 3, 3, 3] | locks [[6], [0], [7], [1], [2], [5], [3], [4]]
1111111111111111111111111111111111111111 | target [1, 1, 1, 1, 1, 1, 1, 1] | released [1, 1, 1, 1, 1, 1, 1, 1] | locks [[3], [2], [1], [0], [4], [5], [6], [7]]
2222222222222222222222222222222222222222 | target [2, 2, 2, 2, 2, 2, 2, 2] | released [3, 3, 3, 3, 3, 3, 3, 0] | locks [[7], [3], [2], [1], [0], [5], [4], [6]]
0202020202020202020202020202020202020202 | target [0, 2, 0, 2, 0, 2, 0, 2] | released [0, 2, 2, 2, 2, 2, 2, 2] | locks [[1], [5], [3], [7], [0], [6], [4], [2]]
0303030303030303030303030303030303030303 | target [0, 3, 0, 3, 0, 3, 0, 3] | released [0, 0, 0, 0, 0, 0, 0, 0] | locks [[1], [3], [2], [4], [5], [6], [7], [0]]
1111111111111111111111111111111111111111 | target [1, 1, 1, 1, 1, 1, 1, 1] | released [1, 1, 1, 1, 1, 1, 1, 1] | locks [[3], [2], [1], [0], [4], [5], [6], [7]]
0303030303030303030303030303030303030303 | target [0, 3, 0, 3, 0, 3, 0, 3] | released [0, 0, 0, 0, 0, 0, 0, 0] | locks [[1], [3], [2], [4], [5], [6], [7], [0]]
3030303030303030303030303030303030303030 | target [3, 0, 3, 0, 3, 0, 3, 0] | released [0, 0, 0, 0, 0, 0, 0, 0] | locks [[0], [2], [1], [3], [4], [5], [6], [7]]
2020202020202020202020202020202020202020 | target [2, 0, 2, 0, 2, 0, 2, 0] | released [2, 2, 2, 0, 2, 2, 2, 2] | locks [[0], [4], [2], [6], [3], [1], [5], [7]]
3232323232323232323232323232323232323232 | target [3, 2, 3, 2, 3, 2, 3, 2] | released [3, 3, 3, 3, 3, 3, 3, 3] | locks [[3], [2], [1], [7], [6], [0], [5], [4]]
0303030303030303030303030303030303030303 | target [0, 3, 0, 3, 0, 3, 0, 3] | released [0, 0, 0, 0, 0, 0, 0, 0] | locks [[1], [3], [2], [4], [5], [6], [7], [0]]
2020202020202020202020202020202020202020 | target [2, 0, 2, 0, 2, 0, 2, 0] | released [2, 2, 2, 0, 2, 2, 2, 2] | locks [[0], [4], [2], [6], [3], [1], [5], [7]]
2323232323232323232323232323232323232323 | target [2, 3, 2, 3, 2, 3, 2, 3] | released [3, 3, 3, 3, 3, 3, 3, 3] | locks [[3], [4], [2], [1], [0], [5], [6], [7]]
3131313131313131313131313131313131313131 | target [3, 1, 3, 1, 3, 1, 3, 1] | released [3, 3, 3, 3, 3, 3, 3, 3] | locks [[6], [0], [7], [1], [2], [5], [3], [4]]
2222222222222222222222222222222222222222 | target [2, 2, 2, 2, 2, 2, 2, 2] | released [3, 3, 3, 3, 3, 3, 3, 0] | locks [[7], [3], [2], [1], [0], [5], [4], [6]]
3030303030303030303030303030303030303030 | target [3, 0, 3, 0, 3, 0, 3, 0] | released [0, 0, 0, 0, 0, 0, 0, 0] | locks [[0], [2], [1], [3], [4], [5], [6], [7]]
2121212121212121212121212121212121212121 | target [2, 1, 2, 1, 2, 1, 2, 1] | released [1, 1, 1, 1, 1, 1, 1, 1] | locks [[0], [4], [6], [5], [1], [2], [3], [7]]
1010101010101010101010101010101010101010 | target [1, 0, 1, 0, 1, 0, 1, 0] | released [2, 1, 1, 3, 2, 1, 1, 3] | locks [[0], [4], [2], [5], [1], [6], [7], [3]]
2020202020202020202020202020202020202020 | target [2, 0, 2, 0, 2, 0, 2, 0] | released [2, 2, 2, 0, 2, 2, 2, 2] | locks [[0], [4], [2], [6], [3], [1], [5], [7]]
0202020202020202020202020202020202020202 | target [0, 2, 0, 2, 0, 2, 0, 2] | released [0, 2, 2, 2, 2, 2, 2, 2] | locks [[1], [5], [3], [7], [0], [6], [4], [2]]
1313131313131313131313131313131313131313 | target [1, 3, 1, 3, 1, 3, 1, 3] | released [3, 3, 3, 3, 3, 3, 3, 3] | locks [[7], [1], [0], [6], [2], [5], [3], [4]]
2020202020202020202020202020202020202020 | target [2, 0, 2, 0, 2, 0, 2, 0] | released [2, 2, 2, 0, 2, 2, 2, 2] | locks [[0], [4], [2], [6], [3], [1], [5], [7]]
3333333333333333333333333333333333333333 | target [3, 3, 3, 3, 3, 3, 3, 3] | released [3, 3, 3, 3, 3, 3, 3, 3] | locks [[0], [6], [7], [5], [1], [2], [3], [4]]
0000000000000000000000000000000000000000 | target [0, 0, 0, 0, 0, 0, 0, 0] | released [0, 0, 0, 0, 0, 0, 0, 0] | locks [[1], [0], [2], [3], [4], [5], [6], [7]]
0000000000000000000000000000000000000000 | target [0, 0, 0, 0, 0, 0, 0, 0] | released [0, 0, 0, 0, 0, 0, 0, 0] | locks [[1], [0], [2], [3], [4], [5], [6], [7]]
2020202020202020202020202020202020202020 | target [2, 0, 2, 0, 2, 0, 2, 0] | released [2, 2, 2, 0, 2, 2, 2, 2] | locks [[0], [4], [2], [6], [3], [1], [5], [7]]
0303030303030303030303030303030303030303 | target [0, 3, 0, 3, 0, 3, 0, 3] | released [0, 0, 0, 0, 0, 0, 0, 0] | locks [[1], [3], [2], [4], [5], [6], [7], [0]]
1111111111111111111111111111111111111111 | target [1, 1, 1, 1, 1, 1, 1, 1] | released [1, 1, 1, 1, 1, 1, 1, 1] | locks [[3], [2], [1], [0], [4], [5], [6], [7]]
1111111111111111111111111111111111111111 | target [1, 1, 1, 1, 1, 1, 1, 1] | released [1, 1, 1, 1, 1, 1, 1, 1] | locks [[3], [2], [1], [0], [4], [5], [6], [7]]
3232323232323232323232323232323232323232 | target [3, 2, 3, 2, 3, 2, 3, 2] | released [3, 3, 3, 3, 3, 3, 3, 3] | locks [[3], [2], [1], [7], [6], [0], [5], [4]]
3333333333333333333333333333333333333333 | target [3, 3, 3, 3, 3, 3, 3, 3] | released [3, 3, 3, 3, 3, 3, 3, 3] | locks [[0], [6], [7], [5], [1], [2], [3], [4]]
3232323232323232323232323232323232323232 | target [3, 2, 3, 2, 3, 2, 3, 2] | released [3, 3, 3, 3, 3, 3, 3, 3] | locks [[3], [2], [1], [7], [6], [0], [5], [4]]
1212121212121212121212121212121212121212 | target [1, 2, 1, 2, 1, 2, 1, 2] | released [1, 1, 1, 1, 1, 1, 1, 1] | locks [[1], [5], [7], [3], [2], [6], [4], [0]]
0101010101010101010101010101010101010101 | target [0, 1, 0, 1, 0, 1, 0, 1] | released [3, 2, 1, 1, 1, 2, 1, 1] | locks [[1], [5], [3], [6], [2], [7], [0], [4]]
0101010101010101010101010101010101010101 | target [0, 1, 0, 1, 0, 1, 0, 1] | released [3, 2, 1, 1, 1, 2, 1, 1] | locks [[1], [5], [3], [6], [2], [7], [0], [4]]
2121212121212121212121212121212121212121 | target [2, 1, 2, 1, 2, 1, 2, 1] | released [1, 1, 1, 1, 1, 1, 1, 1] | locks [[0], [4], [6], [5], [1], [2], [3], [7]]
3232323232323232323232323232323232323232 | target [3, 2, 3, 2, 3, 2, 3, 2] | released [3, 3, 3, 3, 3, 3, 3, 3] | locks [[3], [2], [1], [7], [6], [0], [5], [4]]
0202020202020202020202020202020202020202 | target [0, 2, 0, 2, 0, 2, 0, 2] | released [0, 2, 2, 2, 2, 2, 2, 2] | locks [[1], [5], [3], [7], [0], [6], [4], [2]]
2323232323232323232323232323232323232323 | target [2, 3, 2, 3, 2, 3, 2, 3] | released [3, 3, 3, 3, 3, 3, 3, 3] | locks [[3], [4], [2], [1], [0], [5], [6], [7]]
2222222222222222222222222222222222222222 | target [2, 2, 2, 2, 2, 2, 2, 2] | released [3, 3, 3, 3, 3, 3, 3, 0] | locks [[7], [3], [2], [1], [0], [5], [4], [6]]
3131313131313131313131313131313131313131 | target [3, 1, 3, 1, 3, 1, 3, 1] | released [3, 3, 3, 3, 3, 3, 3, 3] | locks [[6], [0], [7], [1], [2], [5], [3], [4]]
1010101010101010101010101010101010101010 | target [1, 0, 1, 0, 1, 0, 1, 0] | released [2, 1, 1, 3, 2, 1, 1, 3] | locks [[0], [4], [2], [5], [1], [6], [7], [3]]
2222222222222222222222222222222222222222 | target [2, 2, 2, 2, 2, 2, 2, 2] | released [3, 3, 3, 3, 3, 3, 3, 0] | locks [[7], [3], [2], [1], [0], [5], [4], [6]]
2222222222222222222222222222222222222222 | target [2, 2, 2, 2, 2, 2, 2, 2] | released [3, 3, 3, 3, 3, 3, 3, 0] | locks [[7], [3], [2], [1], [0], [5], [4], [6]]
3232323232323232323232323232323232323232 | target [3, 2, 3, 2, 3, 2, 3, 2] | released [3, 3, 3, 3, 3, 3, 3, 3] | locks [[3], [2], [1], [7], [6], [0], [5], [4]]
1111111111111111111111111111111111111111 | target [1, 1, 1, 1, 1, 1, 1, 1] | released [1, 1, 1, 1, 1, 1, 1, 1] | locks [[3], [2], [1], [0], [4], [5], [6], [7]]
3232323232323232323232323232323232323232 | target [3, 2, 3, 2, 3, 2, 3, 2] | released [3, 3, 3, 3, 3, 3, 3, 3] | locks [[3], [2], [1], [7], [6], [0], [5], [4]]
2121212121212121212121212121212121212121 | target [2, 1, 2, 1, 2, 1, 2, 1] | released [1, 1, 1, 1, 1, 1, 1, 1] | locks [[0], [4], [6], [5], [1], [2], [3], [7]]
2020202020202020202020202020202020202020 | target [2, 0, 2, 0, 2, 0, 2, 0] | released [2, 2, 2, 0, 2, 2, 2, 2] | locks [[0], [4], [2], [6], [3], [1], [5], [7]]
0000000000000000000000000000000000000000 | target [0, 0, 0, 0, 0, 0, 0, 0] | released [0, 0, 0, 0, 0, 0, 0, 0] | locks [[1], [0], [2], [3], [4], [5], [6], [7]]
1313131313131313131313131313131313131313 | target [1, 3, 1, 3, 1, 3, 1, 3] | released [3, 3, 3, 3, 3, 3, 3, 3] | locks [[7], [1], [0], [6], [2], [5], [3], [4]]
3131313131313131313131313131313131313131 | target [3, 1, 3, 1, 3, 1, 3, 1] | released [3, 3, 3, 3, 3, 3, 3, 3] | locks [[6], [0], [7], [1], [2], [5], [3], [4]]
0000000000000000000000000000000000000000 | target [0, 0, 0, 0, 0, 0, 0, 0] | released [0, 0, 0, 0, 0, 0, 0, 0] | locks [[1], [0], [2], [3], [4], [5], [6], [7]]
3232323232323232323232323232323232323232 | target [3, 2, 3, 2, 3, 2, 3, 2] | released [3, 3, 3, 3, 3, 3, 3, 3] | locks [[3], [2], [1], [7], [6], [0], [5], [4]]
3131313131313131313131313131313131313131 | target [3, 1, 3, 1, 3, 1, 3, 1] | released [3, 3, 3, 3, 3, 3, 3, 3] | locks [[6], [0], [7], [1], [2], [5], [3], [4]]
1212121212121212121212121212121212121212 | target [1, 2, 1, 2, 1, 2, 1, 2] | released [1, 1, 1, 1, 1, 1, 1, 1] | locks [[1], [5], [7], [3], [2], [6], [4], [0]]
0101010101010101010101010101010101010101 | target [0, 1, 0, 1, 0, 1, 0, 1] | released [3, 2, 1, 1, 1, 2, 1, 1] | locks [[1], [5], [3], [6], [2], [7], [0], [4]]
3131313131313131313131313131313131313131 | target [3, 1, 3, 1, 3, 1, 3, 1] | released [3, 3, 3, 3, 3, 3, 3, 3] | locks [[6], [0], [7], [1], [2], [5], [3], [4]]
1111111111111111111111111111111111111111 | target [1, 1, 1, 1, 1, 1, 1, 1] | released [1, 1, 1, 1, 1, 1, 1, 1] | locks [[3], [2], [1], [0], [4], [5], [6], [7]]
2020202020202020202020202020202020202020 | target [2, 0, 2, 0, 2, 0, 2, 0] | released [2, 2, 2, 0, 2, 2, 2, 2] | locks [[0], [4], [2], [6], [3], [1], [5], [7]]
1313131313131313131313131313131313131313 | target [1, 3, 1, 3, 1, 3, 1, 3] | released [3, 3, 3, 3, 3, 3, 3, 3] | locks [[7], [1], [0], [6], [2], [5], [3], [4]]
0101010101010101010101010101010101010101 | target [0, 1, 0, 1, 0, 1, 0, 1] | released [3, 2, 1, 1, 1, 2, 1, 1] | locks [[1], [5], [3], [6], [2], [7], [0], [4]]
3131313131313131313131313131313131313131 | target [3, 1, 3, 1, 3, 1, 3, 1] | released [3, 3, 3, 3, 3, 3, 3, 3] | locks [[6], [0], [7], [1], [2], [5], [3], [4]]
0000000000000000000000000000000000000000 | target [0, 0, 0, 0, 0, 0, 0, 0] | released [0, 0, 0, 0, 0, 0, 0, 0] | locks [[1], [0], [2], [3], [4], [5], [6], [7]]
1212121212121212121212121212121212121212 | target [1, 2, 1, 2, 1, 2, 1, 2] | released [1, 1, 1, 1, 1, 1, 1, 1] | locks [[1], [5], [7], [3], [2], [6], [4], [0]]
2323232323232323232323232323232323232323 | target [2, 3, 2, 3, 2, 3, 2, 3] | released [3, 3, 3, 3, 3, 3, 3, 3] | locks [[3], [4], [2], [1], [0], [5], [6], [7]]
0101010101010101010101010101010101010101 | target [0, 1, 0, 1, 0, 1, 0, 1] | released [3, 2, 1, 1, 1, 2, 1, 1] | locks [[1], [5], [3], [6], [2], [7], [0], [4]]
2323232323232323232323232323232323232323 | target [2, 3, 2, 3, 2, 3, 2, 3] | released [3, 3, 3, 3, 3, 3, 3, 3] | locks [[3], [4], [2], [1], [0], [5], [6], [7]]
