== opening on line, seed 2026093008
3131313131313131313131313131313131313131 | target [3, 1, 3, 1, 3, 1, 3, 1] | released [3, 3, 3, 3, 3, 3, 3, 3] | locks [[6], [7], [5], [0], [1], [2], [3], [4]]
2020202020202020202020202020202020202020 | target [2, 0, 2, 0, 2, 0, 2, 0] | released [1, 0, 1, 0, 1, 2, 0, 2] | locks [[6], [2], [4], [0], [3], [5], [7], [1]]
0000000000000000000000000000000000000000 | target [0, 0, 0, 0, 0, 0, 0, 0] | released [0, 0, 0, 0, 0, 0, 0, 0] | locks [[1], [3], [2], [0], [4], [5], [6], [7]]
1111111111111111111111111111111111111111 | target [1, 1, 1, 1, 1, 1, 1, 1] | released [0, 1, 0, 1, 0, 1, 2, 1] | locks [[1], [3], [5], [7], [2], [0], [4], [6]]
0000000000000000000000000000000000000000 | target [0, 0, 0, 0, 0, 0, 0, 0] | released [0, 0, 0, 0, 0, 0, 0, 0] | locks [[1], [3], [2], [0], [4], [5], [6], [7]]
1111111111111111111111111111111111111111 | target [1, 1, 1, 1, 1, 1, 1, 1] | released [0, 1, 0, 1, 0, 1, 2, 1] | locks [[1], [3], [5], [7], [2], [0], [4], [6]]
1111111111111111111111111111111111111111 | target [1, 1, 1, 1, 1, 1, 1, 1] | released [0, 1, 0, 1, 0, 1, 2, 1] | locks [[1], [3], [5], [7], [2], [0], [4], [6]]
3210321032103210321032103210321032103210 | target [3, 2, 1, 0, 3, 2, 1, 0] | released [3, 3, 3, 3, 3, 3, 3, 3] | locks [[3], [1], [2], [0], [7], [6], [5], [4]]
3333333333333333333333333333333333333333 | target [3, 3, 3, 3, 3, 3, 3, 3] | released [3, 3, 3, 3, 3, 3, 3, 3] | locks [[5], [4], [3], [2], [1], [0], [6], [7]]
1313131313131313131313131313131313131313 | target [1, 3, 1, 3, 1, 3, 1, 3] | released [3, 3, 3, 3, 3, 3, 3, 3] | locks [[5], [6], [7], [0], [1], [2], [4], [3]]
2020202020202020202020202020202020202020 | target [2, 0, 2, 0, 2, 0, 2, 0] | released [1, 0, 1, 0, 1, 2, 0, 2] | locks [[6], [2], [4], [0], [3], [5], [7], [1]]
0202020202020202020202020202020202020202 | target [0, 2, 0, 2, 0, 2, 0, 2] | released [0, 1, 2, 1, 2, 1, 2, 0] | locks [[7], [3], [5], [1], [0], [6], [4], [2]]
1230123012301230123012301230123012301230 | target [1, 2, 3, 0, 1, 2, 3, 0] | released [3, 3, 3, 3, 3, 3, 3, 3] | locks [[5], [6], [4], [0], [7], [1], [2], [3]]
0202020202020202020202020202020202020202 | target [0, 2, 0, 2, 0, 2, 0, 2] | released [0, 1, 2, 1, 2, 1, 2, 0] | locks [[7], [3], [5], [1], [0], [6], [4], [2]]
1230123012301230123012301230123012301230 | target [1, 2, 3, 0, 1, 2, 3, 0] | released [3, 3, 3, 3, 3, 3, 3, 3] | locks [[5], [6], [4], [0], [7], [1], [2], [3]]
3131313131313131313131313131313131313131 | target [3, 1, 3, 1, 3, 1, 3, 1] | released [3, 3, 3, 3, 3, 3, 3, 3] | locks [[6], [7], [5], [0], [1], [2], [3], [4]]
1230123012301230123012301230123012301230 | target [1, 2, 3, 0, 1, 2, 3, 0] | released [3, 3, 3, 3, 3, 3, 3, 3] | locks [[5], [6], [4], [0], [7], [1], [2], [3]]
0321032103210321032103210321032103210321 | target [0, 3, 2, 1, 0, 3, 2, 1] | released [3, 3, 3, 3, 3, 3, 3, 3] | locks [[4], [2], [3], [1], [0], [5], [6], [7]]
1230123012301230123012301230123012301230 | target [1, 2, 3, 0, 1, 2, 3, 0] | released [3, 3, 3, 3, 3, 3, 3, 3] | locks [[5], [6], [4], [0], [7], [1], [2], [3]]
0123012301230123012301230123012301230123 | target [0, 1, 2, 3, 0, 1, 2, 3] | released [3, 3, 3, 3, 3, 3, 3, 3] | locks [[0], [6], [7], [5], [1], [2], [4], [3]]
2020202020202020202020202020202020202020 | target [2, 0, 2, 0, 2, 0, 2, 0] | released [1, 0, 1, 0, 1, 2, 0, 2] | locks [[6], [2], [4], [0], [3], [5], [7], [1]]
0202020202020202020202020202020202020202 | target [0, 2, 0, 2, 0, 2, 0, 2] | released [0, 1, 2, 1, 2, 1, 2, 0] | locks [[7], [3], [5], [1], [0], [6], [4], [2]]
0202020202020202020202020202020202020202 | target [0, 2, 0, 2, 0, 2, 0, 2] | released [0, 1, 2, 1, 2, 1, 2, 0] | locks [[7], [3], [5], [1], [0], [6], [4], [2]]
3210321032103210321032103210321032103210 | target [3, 2, 1, 0, 3, 2, 1, 0] | released [3, 3, 3, 3, 3, 3, 3, 3] | locks [[3], [1], [2], [0], [7], [6], [5], [4]]
2020202020202020202020202020202020202020 | target [2, 0, 2, 0, 2, 0, 2, 0] | released [1, 0, 1, 0, 1, 2, 0, 2] | locks [[6], [2], [4], [0], [3], [5], [7], [1]]
3210321032103210321032103210321032103210 | target [3, 2, 1, 0, 3, 2, 1, 0] | released [3, 3, 3, 3, 3, 3, 3, 3] | locks [[3], [1], [2], [0], [7], [6], [5], [4]]
2020202020202020202020202020202020202020 | target [2, 0, 2, 0, 2, 0, 2, 0] | released [1, 0, 1, 0, 1, 2, 0, 2] | locks [[6], [2], [4], [0], [3], [5], [7], [1]]
3210321032103210321032103210321032103210 | target [3, 2, 1, 0, 3, 2, 1, 0] | released [3, 3, 3, 3, 3, 3, 3, 3] | locks [[3], [1], [2], [0], [7], [6], [5], [4]]
0321032103210321032103210321032103210321 | target [0, 3, 2, 1, 0, 3, 2, 1] | released [3, 3, 3, 3, 3, 3, 3, 3] | locks [[4], [2], [3], [1], [0], [5], [6], [7]]
0123012301230123012301230123012301230123 | target [0, 1, 2, 3, 0, 1, 2, 3] | released [3, 3, 3, 3, 3, 3, 3, 3] | locks [[0], [6], [7], [5], [1], [2], [4], [3]]
2020202020202020202020202020202020202020 | target [2, 0, 2, 0, 2, 0, 2, 0] | released [1, 0, 1, 0, 1, 2, 0, 2] | locks [[6], [2], [4], [0], [3], [5], [7], [1]]
3210321032103210321032103210321032103210 | target [3, 2, 1, 0, 3, 2, 1, 0] | released [3, 3, 3, 3, 3, 3, 3, 3] | locks [[3], [1], [2], [0], [7], [6], [5], [4]]
1230123012301230123012301230123012301230 | target [1, 2, 3, 0, 1, 2, 3, 0] | released [3, 3, 3, 3, 3, 3, 3, 3] | locks [[5], [6], [4], [0], [7], [1], [2], [3]]
2020202020202020202020202020202020202020 | target [2, 0, 2, 0, 2, 0, 2, 0] | released [1, 0, 1, 0, 1, 2, 0, 2] | locks [[6], [2], [4], [0], [3], [5], [7], [1]]
1111111111111111111111111111111111111111 | target [1, 1, 1, 1, 1, 1, 1, 1] | released [0, 1, 0, 1, 0, 1, 2, 1] | locks [[1], [3], [5], [7], [2], [0], [4], [6]]
3131313131313131313131313131313131313131 | target [3, 1, 3, 1, 3, 1, 3, 1] | released [3, 3, 3, 3, 3, 3, 3, 3] | locks [[6], [7], [5], [0], [1], [2], [3], [4]]
1111111111111111111111111111111111111111 | target [1, 1, 1, 1, 1, 1, 1, 1] | released [0, 1, 0, 1, 0, 1, 2, 1] | locks [[1], [3], [5], [7], [2], [0], [4], [6]]
2222222222222222222222222222222222222222 | target [2, 2, 2, 2, 2, 2, 2, 2] | released [3, 3, 1, 3, 3, 1, 1, 0] | locks [[7], [4], [1], [6], [3], [5], [0], [2]]
3333333333333333333333333333333333333333 | target [3, 3, 3, 3, 3, 3, 3, 3] | released [3, 3, 3, 3, 3, 3, 3, 3] | locks [[5], [4], [3], [2], [1], [0], [6], [7]]
3333333333333333333333333333333333333333 | target [3, 3, 3, 3, 3, 3, 3, 3] | released [3, 3, 3, 3, 3, 3, 3, 3] | locks [[5], [4], [3], [2], [1], [0], [6], [7]]
3012301230123012301230123012301230123012 | target [3, 0, 1, 2, 3, 0, 1, 2] | released [3, 3, 3, 3, 3, 3, 3, 3] | locks [[1], [7], [6], [0], [5], [2], [4], [3]]
1230123012301230123012301230123012301230 | target [1, 2, 3, 0, 1, 2, 3, 0] | released [3, 3, 3, 3, 3, 3, 3, 3] | locks [[5], [6], [4], [0], [7], [1], [2], [3]]
0202020202020202020202020202020202020202 | target [0, 2, 0, 2, 0, 2, 0, 2] | released [0, 1, 2, 1, 2, 1, 2, 0] | locks [[7], [3], [5], [1], [0], [6], [4], [2]]
2103210321032103210321032103210321032103 | target [2, 1, 0, 3, 2, 1, 0, 3] | released [3, 3, 3, 3, 3, 3, 3, 3] | locks [[2], [0], [1], [7], [6], [5], [4], [3]]
1032103210321032103210321032103210321032 | target [1, 0, 3, 2, 1, 0, 3, 2] | released [3, 3, 3, 3, 3, 3, 3, 3] | locks [[5], [3], [4], [2], [0], [1], [6], [7]]
3333333333333333333333333333333333333333 | target [3, 3, 3, 3, 3, 3, 3, 3] | released [3, 3, 3, 3, 3, 3, 3, 3] | locks [[5], [4], [3], [2], [1], [0], [6], [7]]
1313131313131313131313131313131313131313 | target [1, 3, 1, 3, 1, 3, 1, 3] | released [3, 3, 3, 3, 3, 3, 3, 3] | locks [[5], [6], [7], [0], [1], [2], [4], [3]]
3012301230123012301230123012301230123012 | target [3, 0, 1, 2, 3, 0, 1, 2] | released [3, 3, 3, 3, 3, 3, 3, 3] | locks [[1], [7], [6], [0], [5], [2], [4], [3]]
0123012301230123012301230123012301230123 | target [0, 1, 2, 3, 0, 1, 2, 3] | released [3, 3, 3, 3, 3, 3, 3, 3] | locks [[0], [6], [7], [5], [1], [2], [4], [3]]
3210321032103210321032103210321032103210 | target [3, 2, 1, 0, 3, 2, 1, 0] | released [3, 3, 3, 3, 3, 3, 3, 3] | locks [[3], [1], [2], [0], [7], [6], [5], [4]]
3012301230123012301230123012301230123012 | target [3, 0, 1, 2, 3, 0, 1, 2] | released [3, 3, 3, 3, 3, 3, 3, 3] | locks [[1], [7], [6], [0], [5], [2], [4], [3]]
2222222222222222222222222222222222222222 | target [2, 2, 2, 2, 2, 2, 2, 2] | released [3, 3, 1, 3, 3, 1, 1, 0] | locks [[7], [4], [1], [6], [3], [5], [0], [2]]
2020202020202020202020202020202020202020 | target [2, 0, 2, 0, 2, 0, 2, 0] | released [1, 0, 1, 0, 1, 2, 0, 2] | locks [[6], [2], [4], [0], [3], [5], [7], [1]]
1230123012301230123012301230123012301230 | target [1, 2, 3, 0, 1, 2, 3, 0] | released [3, 3, 3, 3, 3, 3, 3, 3] | locks [[5], [6], [4], [0], [7], [1], [2], [3]]
2103210321032103210321032103210321032103 | target [2, 1, 0, 3, 2, 1, 0, 3] | released [3, 3, 3, 3, 3, 3, 3, 3] | locks [[2], [0], [1], [7], [6], [5], [4], [3]]
1032103210321032103210321032103210321032 | target [1, 0, 3, 2, 1, 0, 3, 2] | released [3, 3, 3, 3, 3, 3, 3, 3] | locks [[5], [3], [4], [2], [0], [1], [6], [7]]
3131313131313131313131313131313131313131 | target [3, 1, 3, 1, 3, 1, 3, 1] | released [3, 3, 3, 3, 3, 3, 3, 3] | locks [[6], [7], [5], [0], [1], [2], [3], [4]]
2020202020202020202020202020202020202020 | target [2, 0, 2, 0, 2, 0, 2, 0] | released [1, 0, 1, 0, 1, 2, 0, 2] | locks [[6], [2], [4], [0], [3], [5], [7], [1]]
2020202020202020202020202020202020202020 | target [2, 0, 2, 0, 2, 0, 2, 0] | released [1, 0, 1, 0, 1, 2, 0, 2] | locks [[6], [2], [4], [0], [3], [5], [7], [1]]
2103210321032103210321032103210321032103 | target [2, 1, 0, 3, 2, 1, 0, 3] | released [3, 3, 3, 3, 3, 3, 3, 3] | locks [[2], [0], [1], [7], [6], [5], [4], [3]]
3131313131313131313131313131313131313131 | target [3, 1, 3, 1, 3, 1, 3, 1] | released [3, 3, 3, 3, 3, 3, 3, 3] | locks [[6], [7], [5], [0], [1], [2], [3], [4]]
1230123012301230123012301230123012301230 | target [1, 2, 3, 0, 1, 2, 3, 0] | released [3, 3, 3, 3, 3, 3, 3, 3] | locks [[5], [6], [4], [0], [7], [1], [2], [3]]
3210321032103210321032103210321032103210 | target [3, 2, 1, 0, 3, 2, 1, 0] | released [3, 3, 3, 3, 3, 3, 3, 3] | locks [[3], [1], [2], [0], [7], [6], [5], [4]]
0123012301230123012301230123012301230123 | target [0, 1, 2, 3, 0, 1, 2, 3] | released [3, 3, 3, 3, 3, 3, 3, 3] | locks [[0], [6], [7], [5], [1], [2], [4], [3]]
1032103210321032103210321032103210321032 | target [1, 0, 3, 2, 1, 0, 3, 2] | released [3, 3, 3, 3, 3, 3, 3, 3] | locks [[5], [3], [4], [2], [0], [1], [6], [7]]
2222222222222222222222222222222222222222 | target [2, 2, 2, 2, 2, 2, 2, 2] | released [3, 3, 1, 3, 3, 1, 1, 0] | locks [[7], [4], [1], [6], [3], [5], [0], [2]]
0123012301230123012301230123012301230123 | target [0, 1, 2, 3, 0, 1, 2, 3] | released [3, 3, 3, 3, 3, 3, 3, 3] | locks [[0], [6], [7], [5], [1], [2], [4], [3]]
1313131313131313131313131313131313131313 | target [1, 3, 1, 3, 1, 3, 1, 3] | released [3, 3, 3, 3, 3, 3, 3, 3] | locks [[5], [6], [7], [0], [1], [2], [4], [3]]
1230123012301230123012301230123012301230 | target [1, 2, 3, 0, 1, 2, 3, 0] | released [3, 3, 3, 3, 3, 3, 3, 3] | locks [[5], [6], [4], [0], [7], [1], [2], [3]]
2301230123012301230123012301230123012301 | target [2, 3, 0, 1, 2, 3, 0, 1] | released [3, 3, 3, 3, 3, 3, 3, 3] | locks [[2], [1], [0], [7], [6], [5], [4], [3]]
0000000000000000000000000000000000000000 | target [0, 0, 0, 0, 0, 0, 0, 0] | released [0, 0, 0, 0, 0, 0, 0, 0] | locks [[1], [3], [2], [0], [4], [5], [6], [7]]
2301230123012301230123012301230123012301 | target [2, 3, 0, 1, 2, 3, 0, 1] | released [3, 3, 3, 3, 3, 3, 3, 3] | locks [[2], [1], [0], [7], [6], [5], [4], [3]]
2301230123012301230123012301230123012301 | target [2, 3, 0, 1, 2, 3, 0, 1] | released [3, 3, 3, 3, 3, 3, 3, 3] | locks [[2], [1], [0], [7], [6], [5], [4], [3]]
2301230123012301230123012301230123012301 | target [2, 3, 0, 1, 2, 3, 0, 1] | released [3, 3, 3, 3, 3, 3, 3, 3] | locks [[2], [1], [0], [7], [6], [5], [4], [3]]
2301230123012301230123012301230123012301 | target [2, 3, 0, 1, 2, 3, 0, 1] | released [3, 3, 3, 3, 3, 3, 3, 3] | locks [[2], [1], [0], [7], [6], [5], [4], [3]]
3333333333333333333333333333333333333333 | target [3, 3, 3, 3, 3, 3, 3, 3] | released [3, 3, 3, 3, 3, 3, 3, 3] | locks [[5], [4], [3], [2], [1], [0], [6], [7]]
2103210321032103210321032103210321032103 | target [2, 1, 0, 3, 2, 1, 0, 3] | released [3, 3, 3, 3, 3, 3, 3, 3] | locks [[2], [0], [1], [7], [6], [5], [4], [3]]
2222222222222222222222222222222222222222 | target [2, 2, 2, 2, 2, 2, 2, 2] | released [3, 3, 1, 3, 3, 1, 1, 0] | locks [[7], [4], [1], [6], [3], [5], [0], [2]]
0321032103210321032103210321032103210321 | target [0, 3, 2, 1, 0, 3, 2, 1] | released [3, 3, 3, 3, 3, 3, 3, 3] | locks [[4], [2], [3], [1], [0], [5], [6], [7]]
1230123012301230123012301230123012301230 | target [1, 2, 3, 0, 1, 2, 3, 0] | released [3, 3, 3, 3, 3, 3, 3, 3] | locks [[5], [6], [4], [0], [7], [1], [2], [3]]
3333333333333333333333333333333333333333 | target [3, 3, 3, 3, 3, 3, 3, 3] | released [3, 3, 3, 3, 3, 3, 3, 3] | locks [[5], [4], [3], [2], [1], [0], [6], [7]]
3210321032103210321032103210321032103210 | target [3, 2, 1, 0, 3, 2, 1, 0] | released [3, 3, 3, 3, 3, 3, 3, 3] | locks [[3], [1], [2], [0], [7], [6], [5], [4]]
1032103210321032103210321032103210321032 | target [1, 0, 3, 2, 1, 0, 3, 2] | released [3, 3, 3, 3, 3, 3, 3, 3] | locks [[5], [3], [4], [2], [0], [1], [6], [7]]
3012301230123012301230123012301230123012 | target [3, 0, 1, 2, 3, 0, 1, 2] | released [3, 3, 3, 3, 3, 3, 3, 3] | locks [[1], [7], [6], [0], [5], [2], [4], [3]]
2103210321032103210321032103210321032103 | target [2, 1, 0, 3, 2, 1, 0, 3] | released [3, 3, 3, 3, 3, 3, 3, 3] | locks [[2], [0], [1], [7], [6], [5], [4], [3]]
0321032103210321032103210321032103210321 | target [0, 3, 2, 1, 0, 3, 2, 1] | released [3, 3, 3, 3, 3, 3, 3, 3] | locks [[4], [2], [3], [1], [0], [5], [6], [7]]
1230123012301230123012301230123012301230 | target [1, 2, 3, 0, 1, 2, 3, 0] | released [3, 3, 3, 3, 3, 3, 3, 3] | locks [[5], [6], [4], [0], [7], [1], [2], [3]]
0000000000000000000000000000000000000000 | target [0, 0, 0, 0, 0, 0, 0, 0] | released [0, 0, 0, 0, 0, 0, 0, 0] | locks [[1], [3], [2], [0], [4], [5], [6], [7]]
2103210321032103210321032103210321032103 | target [2, 1, 0, 3, 2, 1, 0, 3] | released [3, 3, 3, 3, 3, 3, 3, 3] | locks [[2], [0], [1], [7], [6], [5], [4], [3]]
2103210321032103210321032103210321032103 | target [2, 1, 0, 3, 2, 1, 0, 3] | released [3, 3, 3, 3, 3, 3, 3, 3] | locks [[2], [0], [1], [7], [6], [5], [4], [3]]
1313131313131313131313131313131313131313 | target [1, 3, 1, 3, 1, 3, 1, 3] | released [3, 3, 3, 3, 3, 3, 3, 3] | locks [[5], [6], [7], [0], [1], [2], [4], [3]]
0202020202020202020202020202020202020202 | target [0, 2, 0, 2, 0, 2, 0, 2] | released [0, 1, 2, 1, 2, 1, 2, 0] | locks [[7], [3], [5], [1], [0], [6], [4], [2]]
2301230123012301230123012301230123012301 | target [2, 3, 0, 1, 2, 3, 0, 1] | released [3, 3, 3, 3, 3, 3, 3, 3] | locks [[2], [1], [0], [7], [6], [5], [4], [3]]
3210321032103210321032103210321032103210 | target [3, 2, 1, 0, 3, 2, 1, 0] | released [3, 3, 3, 3, 3, 3, 3, 3] | locks [[3], [1], [2], [0], [7], [6], [5], [4]]
2222222222222222222222222222222222222222 | target [2, 2, 2, 2, 2, 2, 2, 2] | released [3, 3, 1, 3, 3, 1, 1, 0] | locks [[7], [4], [1], [6], [3], [5], [0], [2]]
0202020202020202020202020202020202020202 | target [0, 2, 0, 2, 0, 2, 0, 2] | released [0, 1, 2, 1, 2, 1, 2, 0] | locks [[7], [3], [5], [1], [0], [6], [4], [2]]
3333333333333333333333333333333333333333 | target [3, 3, 3, 3, 3, 3, 3, 3] | released [3, 3, 3, 3, 3, 3, 3, 3] | locks [[5], [4], [3], [2], [1], [0], [6], [7]]
2103210321032103210321032103210321032103 | target [2, 1, 0, 3, 2, 1, 0, 3] | released [3, 3, 3, 3, 3, 3, 3, 3] | locks [[2], [0], [1], [7], [6], [5], [4], [3]]
0321032103210321032103210321032103210321 | target [0, 3, 2, 1, 0, 3, 2, 1] | released [3, 3, 3, 3, 3, 3, 3, 3] | locks [[4], [2], [3], [1], [0], [5], [6], [7]]
2301230123012301230123012301230123012301 | target [2, 3, 0, 1, 2, 3, 0, 1] | released [3, 3, 3, 3, 3, 3, 3, 3] | locks [[2], [1], [0], [7], [6], [5], [4], [3]]
2020202020202020202020202020202020202020 | target [2, 0, 2, 0, 2, 0, 2, 0] | released [1, 0, 1, 0, 1, 2, 0, 2] | locks [[6], [2], [4], [0], [3], [5], [7], [1]]
2103210321032103210321032103210321032103 | target [2, 1, 0, 3, 2, 1, 0, 3] | released [3, 3, 3, 3, 3, 3, 3, 3] | locks [[2], [0], [1], [7], [6], [5], [4], [3]]
1313131313131313131313131313131313131313 | target [1, 3, 1, 3, 1, 3, 1, 3] | released [3, 3, 3, 3, 3, 3, 3, 3] | locks [[5], [6], [7], [0], [1], [2], [4], [3]]
3131313131313131313131313131313131313131 | target [3, 1, 3, 1, 3, 1, 3, 1] | released [3, 3, 3, 3, 3, 3, 3, 3] | locks [[6], [7], [5], [0], [1], [2], [3], [4]]
2301230123012301230123012301230123012301 | target [2, 3, 0, 1, 2, 3, 0, 1] | released [3, 3, 3, 3, 3, 3, 3, 3] | locks [[2], [1], [0], [7], [6], [5], [4], [3]]
2222222222222222222222222222222222222222 | target [2, 2, 2, 2, 2, 2, 2, 2] | released [3, 3, 1, 3, 3, 1, 1, 0] | locks [[7], [4], [1], [6], [3], [5], [0], [2]]
3210321032103210321032103210321032103210 | target [3, 2, 1, 0, 3, 2, 1, 0] | released [3, 3, 3, 3, 3, 3, 3, 3] | locks [[3], [1], [2], [0], [7], [6], [5], [4]]
0202020202020202020202020202020202020202 | target [0, 2, 0, 2, 0, 2, 0, 2] | released [0, 1, 2, 1, 2, 1, 2, 0] | locks [[7], [3], [5], [1], [0], [6], [4], [2]]
3012301230123012301230123012301230123012 | target [3, 0, 1, 2, 3, 0, 1, 2] | released [3, 3, 3, 3, 3, 3, 3, 3] | locks [[1], [7], [6], [0], [5], [2], [4], [3]]
0123012301230123012301230123012301230123 | target [0, 1, 2, 3, 0, 1, 2, 3] | released [3, 3, 3, 3, 3, 3, 3, 3] | locks [[0], [6], [7], [5], [1], [2], [4], [3]]
0202020202020202020202020202020202020202 | target [0, 2, 0, 2, 0, 2, 0, 2] | released [0, 1, 2, 1, 2, 1, 2, 0] | locks [[7], [3], [5], [1], [0], [6], [4], [2]]
2301230123012301230123012301230123012301 | target [2, 3, 0, 1, 2, 3, 0, 1] | released [3, 3, 3, 3, 3, 3, 3, 3] | locks [[2], [1], [0], [7], [6], [5], [4], [3]]
3210321032103210321032103210321032103210 | target [3, 2, 1, 0, 3, 2, 1, 0] | released [3, 3, 3, 3, 3, 3, 3, 3] | locks [[3], [1], [2], [0], [7], [6], [5], [4]]
0321032103210321032103210321032103210321 | target [0, 3, 2, 1, 0, 3, 2, 1] | released [3, 3, 3, 3, 3, 3, 3, 3] | locks [[4], [2], [3], [1], [0], [5], [6], [7]]
1313131313131313131313131313131313131313 | target [1, 3, 1, 3, 1, 3, 1, 3] | released [3, 3, 3, 3, 3, 3, 3, 3] | locks [[5], [6], [7], [0], [1], [2], [4], [3]]
1230123012301230123012301230123012301230 | target [1, 2, 3, 0, 1, 2, 3, 0] | released [3, 3, 3, 3, 3, 3, 3, 3] | locks [[5], [6], [4], [0], [7], [1], [2], [3]]
1313131313131313131313131313131313131313 | target [1, 3, 1, 3, 1, 3, 1, 3] | released [3, 3, 3, 3, 3, 3, 3, 3] | locks [[5], [6], [7], [0], [1], [2], [4], [3]]
1230123012301230123012301230123012301230 | target [1, 2, 3, 0, 1, 2, 3, 0] | released [3, 3, 3, 3, 3, 3, 3, 3] | locks [[5], [6], [4], [0], [7], [1], [2], [3]]
0202020202020202020202020202020202020202 | target [0, 2, 0, 2, 0, 2, 0, 2] | released [0, 1, 2, 1, 2, 1, 2, 0] | locks [[7], [3], [5], [1], [0], [6], [4], [2]]
1313131313131313131313131313131313131313 | target [1, 3, 1, 3, 1, 3, 1, 3] | released [3, 3, 3, 3, 3, 3, 3, 3] | locks [[5], [6], [7], [0], [1], [2], [4], [3]]
2103210321032103210321032103210321032103 | target [2, 1, 0, 3, 2, 1, 0, 3] | released [3, 3, 3, 3, 3, 3, 3, 3] | locks [[2], [0], [1], [7], [6], [5], [4], [3]]
3210321032103210321032103210321032103210 | target [3, 2, 1, 0, 3, 2, 1, 0] | released [3, 3, 3, 3, 3, 3, 3, 3] | locks [[3], [1], [2], [0], [7], [6], [5], [4]]
1313131313131313131313131313131313131313 | target [1, 3, 1, 3, 1, 3, 1, 3] | released [3, 3, 3, 3, 3, 3, 3, 3] | locks [[5], [6], [7], [0], [1], [2], [4], [3]]
0202020202020202020202020202020202020202 | target [0, 2, 0, 2, 0, 2, 0, 2] | released [0, 1, 2, 1, 2, 1, 2, 0] | locks [[7], [3], [5], [1], [0], [6], [4], [2]]
0123012301230123012301230123012301230123 | target [0, 1, 2, 3, 0, 1, 2, 3] | released [3, 3, 3, 3, 3, 3, 3, 3] | locks [[0], [6], [7], [5], [1], [2], [4], [3]]
1111111111111111111111111111111111111111 | target [1, 1, 1, 1, 1, 1, 1, 1] | released [0, 1, 0, 1, 0, 1, 2, 1] | locks [[1], [3], [5], [7], [2], [0], [4], [6]]
1032103210321032103210321032103210321032 | target [1, 0, 3, 2, 1, 0, 3, 2] | released [3, 3, 3, 3, 3, 3, 3, 3] | locks [[5], [3], [4], [2], [0], [1], [6], [7]]
0123012301230123012301230123012301230123 | target [0, 1, 2, 3, 0, 1, 2, 3] | released [3, 3, 3, 3, 3, 3, 3, 3] | locks [[0], [6], [7], [5], [1], [2], [4], [3]]
== executed-open on line, seed 2026093008
3131313131313131313131313131313131313131 | target [3, 1, 3, 1, 3, 1, 3, 1] | released [1, 1, 3, 3, 3, 1, 1, 1] | locks [[1], [5], [0], [6], [7], [3], [2], [4]]
2020202020202020202020202020202020202020 | target [2, 0, 2, 0, 2, 0, 2, 0] | released [2, 0, 0, 0, 0, 0, 0, 2] | locks [[0], [7], [3], [2], [1], [4], [5], [6]]
0000000000000000000000000000000000000000 | target [0, 0, 0, 0, 0, 0, 0, 0] | released [0, 0, 0, 0, 2, 0, 0, 0] | locks [[4], [1], [6], [0], [5], [7], [2], [3]]
1111111111111111111111111111111111111111 | target [1, 1, 1, 1, 1, 1, 1, 1] | released [1, 1, 1, 1, 1, 1, 1, 1] | locks [[5], [0], [6], [4], [7], [2], [1], [3]]
0000000000000000000000000000000000000000 | target [0, 0, 0, 0, 0, 0, 0, 0] | released [0, 0, 0, 0, 2, 0, 0, 0] | locks [[4], [1], [6], [0], [5], [7], [2], [3]]
1111111111111111111111111111111111111111 | target [1, 1, 1, 1, 1, 1, 1, 1] | released [1, 1, 1, 1, 1, 1, 1, 1] | locks [[5], [0], [6], [4], [7], [2], [1], [3]]
1111111111111111111111111111111111111111 | target [1, 1, 1, 1, 1, 1, 1, 1] | released [1, 1, 1, 1, 1, 1, 1, 1] | locks [[5], [0], [6], [4], [7], [2], [1], [3]]
3210321032103210321032103210321032103210 | target [3, 2, 1, 0, 3, 2, 1, 0] | released [3, 2, 3, 3, 3, 2, 3, 3] | locks [[1], [5], [2], [0], [4], [6], [7], [3]]
3333333333333333333333333333333333333333 | target [3, 3, 3, 3, 3, 3, 3, 3] | released [3, 3, 3, 3, 3, 3, 3, 3] | locks [[5], [6], [7], [0], [1], [2], [3], [4]]
1313131313131313131313131313131313131313 | target [1, 3, 1, 3, 1, 3, 1, 3] | released [1, 1, 3, 3, 3, 3, 1, 1] | locks [[1], [6], [3], [2], [4], [0], [5], [7]]
2020202020202020202020202020202020202020 | target [2, 0, 2, 0, 2, 0, 2, 0] | released [2, 0, 0, 0, 0, 0, 0, 2] | locks [[0], [7], [3], [2], [1], [4], [5], [6]]
0202020202020202020202020202020202020202 | target [0, 2, 0, 2, 0, 2, 0, 2] | released [0, 2, 0, 0, 0, 0, 0, 0] | locks [[1], [0], [2], [3], [4], [6], [5], [7]]
1230123012301230123012301230123012301230 | target [1, 2, 3, 0, 1, 2, 3, 0] | released [3, 3, 3, 3, 3, 2, 3, 2] | locks [[5], [1], [2], [0], [6], [7], [3], [4]]
0202020202020202020202020202020202020202 | target [0, 2, 0, 2, 0, 2, 0, 2] | released [0, 2, 0, 0, 0, 0, 0, 0] | locks [[1], [0], [2], [3], [4], [6], [5], [7]]
1230123012301230123012301230123012301230 | target [1, 2, 3, 0, 1, 2, 3, 0] | released [3, 3, 3, 3, 3, 2, 3, 2] | locks [[5], [1], [2], [0], [6], [7], [3], [4]]
3131313131313131313131313131313131313131 | target [3, 1, 3, 1, 3, 1, 3, 1] | released [1, 1, 3, 3, 3, 1, 1, 1] | locks [[1], [5], [0], [6], [7], [3], [2], [4]]
1230123012301230123012301230123012301230 | target [1, 2, 3, 0, 1, 2, 3, 0] | released [3, 3, 3, 3, 3, 2, 3, 2] | locks [[5], [1], [2], [0], [6], [7], [3], [4]]
0321032103210321032103210321032103210321 | target [0, 3, 2, 1, 0, 3, 2, 1] | released [3, 3, 2, 3, 3, 3, 2, 3] | locks [[2], [6], [3], [1], [0], [5], [7], [4]]
1230123012301230123012301230123012301230 | target [1, 2, 3, 0, 1, 2, 3, 0] | released [3, 3, 3, 3, 3, 2, 3, 2] | locks [[5], [1], [2], [0], [6], [7], [3], [4]]
0123012301230123012301230123012301230123 | target [0, 1, 2, 3, 0, 1, 2, 3] | released [3, 3, 2, 3, 3, 3, 3, 3] | locks [[2], [3], [4], [5], [6], [1], [0], [7]]
2020202020202020202020202020202020202020 | target [2, 0, 2, 0, 2, 0, 2, 0] | released [2, 0, 0, 0, 0, 0, 0, 2] | locks [[0], [7], [3], [2], [1], [4], [5], [6]]
0202020202020202020202020202020202020202 | target [0, 2, 0, 2, 0, 2, 0, 2] | released [0, 2, 0, 0, 0, 0, 0, 0] | locks [[1], [0], [2], [3], [4], [6], [5], [7]]
0202020202020202020202020202020202020202 | target [0, 2, 0, 2, 0, 2, 0, 2] | released [0, 2, 0, 0, 0, 0, 0, 0] | locks [[1], [0], [2], [3], [4], [6], [5], [7]]
3210321032103210321032103210321032103210 | target [3, 2, 1, 0, 3, 2, 1, 0] | released [3, 2, 3, 3, 3, 2, 3, 3] | locks [[1], [5], [2], [0], [4], [6], [7], [3]]
2020202020202020202020202020202020202020 | target [2, 0, 2, 0, 2, 0, 2, 0] | released [2, 0, 0, 0, 0, 0, 0, 2] | locks [[0], [7], [3], [2], [1], [4], [5], [6]]
3210321032103210321032103210321032103210 | target [3, 2, 1, 0, 3, 2, 1, 0] | released [3, 2, 3, 3, 3, 2, 3, 3] | locks [[1], [5], [2], [0], [4], [6], [7], [3]]
2020202020202020202020202020202020202020 | target [2, 0, 2, 0, 2, 0, 2, 0] | released [2, 0, 0, 0, 0, 0, 0, 2] | locks [[0], [7], [3], [2], [1], [4], [5], [6]]
3210321032103210321032103210321032103210 | target [3, 2, 1, 0, 3, 2, 1, 0] | released [3, 2, 3, 3, 3, 2, 3, 3] | locks [[1], [5], [2], [0], [4], [6], [7], [3]]
0321032103210321032103210321032103210321 | target [0, 3, 2, 1, 0, 3, 2, 1] | released [3, 3, 2, 3, 3, 3, 2, 3] | locks [[2], [6], [3], [1], [0], [5], [7], [4]]
0123012301230123012301230123012301230123 | target [0, 1, 2, 3, 0, 1, 2, 3] | released [3, 3, 2, 3, 3, 3, 3, 3] | locks [[2], [3], [4], [5], [6], [1], [0], [7]]
2020202020202020202020202020202020202020 | target [2, 0, 2, 0, 2, 0, 2, 0] | released [2, 0, 0, 0, 0, 0, 0, 2] | locks [[0], [7], [3], [2], [1], [4], [5], [6]]
3210321032103210321032103210321032103210 | target [3, 2, 1, 0, 3, 2, 1, 0] | released [3, 2, 3, 3, 3, 2, 3, 3] | locks [[1], [5], [2], [0], [4], [6], [7], [3]]
1230123012301230123012301230123012301230 | target [1, 2, 3, 0, 1, 2, 3, 0] | released [3, 3, 3, 3, 3, 2, 3, 2] | locks [[5], [1], [2], [0], [6], [7], [3], [4]]
2020202020202020202020202020202020202020 | target [2, 0, 2, 0, 2, 0, 2, 0] | released [2, 0, 0, 0, 0, 0, 0, 2] | locks [[0], [7], [3], [2], [1], [4], [5], [6]]
1111111111111111111111111111111111111111 | target [1, 1, 1, 1, 1, 1, 1, 1] | released [1, 1, 1, 1, 1, 1, 1, 1] | locks [[5], [0], [6], [4], [7], [2], [1], [3]]
3131313131313131313131313131313131313131 | target [3, 1, 3, 1, 3, 1, 3, 1] | released [1, 1, 3, 3, 3, 1, 1, 1] | locks [[1], [5], [0], [6], [7], [3], [2], [4]]
1111111111111111111111111111111111111111 | target [1, 1, 1, 1, 1, 1, 1, 1] | released [1, 1, 1, 1, 1, 1, 1, 1] | locks [[5], [0], [6], [4], [7], [2], [1], [3]]
2222222222222222222222222222222222222222 | target [2, 2, 2, 2, 2, 2, 2, 2] | released [0, 0, 0, 0, 2, 2, 0, 0] | locks [[7], [2], [1], [5], [0], [4], [3], [6]]
3333333333333333333333333333333333333333 | target [3, 3, 3, 3, 3, 3, 3, 3] | released [3, 3, 3, 3, 3, 3, 3, 3] | locks [[5], [6], [7], [0], [1], [2], [3], [4]]
3333333333333333333333333333333333333333 | target [3, 3, 3, 3, 3, 3, 3, 3] | released [3, 3, 3, 3, 3, 3, 3, 3] | locks [[5], [6], [7], [0], [1], [2], [3], [4]]
3012301230123012301230123012301230123012 | target [3, 0, 1, 2, 3, 0, 1, 2] | released [3, 2, 1, 3, 1, 1, 0, 3] | locks [[1], [4], [3], [5], [2], [6], [0], [7]]
1230123012301230123012301230123012301230 | target [1, 2, 3, 0, 1, 2, 3, 0] | released [3, 3, 3, 3, 3, 2, 3, 2] | locks [[5], [1], [2], [0], [6], [7], [3], [4]]
0202020202020202020202020202020202020202 | target [0, 2, 0, 2, 0, 2, 0, 2] | released [0, 2, 0, 0, 0, 0, 0, 0] | locks [[1], [0], [2], [3], [4], [6], [5], [7]]
2103210321032103210321032103210321032103 | target [2, 1, 0, 3, 2, 1, 0, 3] | released [3, 3, 3, 3, 2, 3, 3, 3] | locks [[4], [1], [0], [2], [7], [6], [5], [3]]
1032103210321032103210321032103210321032 | target [1, 0, 3, 2, 1, 0, 3, 2] | released [3, 3, 3, 2, 3, 3, 3, 3] | locks [[3], [0], [1], [6], [7], [5], [4], [2]]
3333333333333333333333333333333333333333 | target [3, 3, 3, 3, 3, 3, 3, 3] | released [3, 3, 3, 3, 3, 3, 3, 3] | locks [[5], [6], [7], [0], [1], [2], [3], [4]]
1313131313131313131313131313131313131313 | target [1, 3, 1, 3, 1, 3, 1, 3] | released [1, 1, 3, 3, 3, 3, 1, 1] | locks [[1], [6], [3], [2], [4], [0], [5], [7]]
3012301230123012301230123012301230123012 | target [3, 0, 1, 2, 3, 0, 1, 2] | released [3, 2, 1, 3, 1, 1, 0, 3] | locks [[1], [4], [3], [5], [2], [6], [0], [7]]
0123012301230123012301230123012301230123 | target [0, 1, 2, 3, 0, 1, 2, 3] | released [3, 3, 2, 3, 3, 3, 3, 3] | locks [[2], [3], [4], [5], [6], [1], [0], [7]]
3210321032103210321032103210321032103210 | target [3, 2, 1, 0, 3, 2, 1, 0] | released [3, 2, 3, 3, 3, 2, 3, 3] | locks [[1], [5], [2], [0], [4], [6], [7], [3]]
3012301230123012301230123012301230123012 | target [3, 0, 1, 2, 3, 0, 1, 2] | released [3, 2, 1, 3, 1, 1, 0, 3] | locks [[1], [4], [3], [5], [2], [6], [0], [7]]
2222222222222222222222222222222222222222 | target [2, 2, 2, 2, 2, 2, 2, 2] | released [0, 0, 0, 0, 2, 2, 0, 0] | locks [[7], [2], [1], [5], [0], [4], [3], [6]]
2020202020202020202020202020202020202020 | target [2, 0, 2, 0, 2, 0, 2, 0] | released [2, 0, 0, 0, 0, 0, 0, 2] | locks [[0], [7], [3], [2], [1], [4], [5], [6]]
1230123012301230123012301230123012301230 | target [1, 2, 3, 0, 1, 2, 3, 0] | released [3, 3, 3, 3, 3, 2, 3, 2] | locks [[5], [1], [2], [0], [6], [7], [3], [4]]
2103210321032103210321032103210321032103 | target [2, 1, 0, 3, 2, 1, 0, 3] | released [3, 3, 3, 3, 2, 3, 3, 3] | locks [[4], [1], [0], [2], [7], [6], [5], [3]]
1032103210321032103210321032103210321032 | target [1, 0, 3, 2, 1, 0, 3, 2] | released [3, 3, 3, 2, 3, 3, 3, 3] | locks [[3], [0], [1], [6], [7], [5], [4], [2]]
3131313131313131313131313131313131313131 | target [3, 1, 3, 1, 3, 1, 3, 1] | released [1, 1, 3, 3, 3, 1, 1, 1] | locks [[1], [5], [0], [6], [7], [3], [2], [4]]
2020202020202020202020202020202020202020 | target [2, 0, 2, 0, 2, 0, 2, 0] | released [2, 0, 0, 0, 0, 0, 0, 2] | locks [[0], [7], [3], [2], [1], [4], [5], [6]]
2020202020202020202020202020202020202020 | target [2, 0, 2, 0, 2, 0, 2, 0] | released [2, 0, 0, 0, 0, 0, 0, 2] | locks [[0], [7], [3], [2], [1], [4], [5], [6]]
2103210321032103210321032103210321032103 | target [2, 1, 0, 3, 2, 1, 0, 3] | released [3, 3, 3, 3, 2, 3, 3, 3] | locks [[4], [1], [0], [2], [7], [6], [5], [3]]
3131313131313131313131313131313131313131 | target [3, 1, 3, 1, 3, 1, 3, 1] | released [1, 1, 3, 3, 3, 1, 1, 1] | locks [[1], [5], [0], [6], [7], [3], [2], [4]]
1230123012301230123012301230123012301230 | target [1, 2, 3, 0, 1, 2, 3, 0] | released [3, 3, 3, 3, 3, 2, 3, 2] | locks [[5], [1], [2], [0], [6], [7], [3], [4]]
3210321032103210321032103210321032103210 | target [3, 2, 1, 0, 3, 2, 1, 0] | released [3, 2, 3, 3, 3, 2, 3, 3] | locks [[1], [5], [2], [0], [4], [6], [7], [3]]
0123012301230123012301230123012301230123 | target [0, 1, 2, 3, 0, 1, 2, 3] | released [3, 3, 2, 3, 3, 3, 3, 3] | locks [[2], [3], [4], [5], [6], [1], [0], [7]]
1032103210321032103210321032103210321032 | target [1, 0, 3, 2, 1, 0, 3, 2] | released [3, 3, 3, 2, 3, 3, 3, 3] | locks [[3], [0], [1], [6], [7], [5], [4], [2]]
2222222222222222222222222222222222222222 | target [2, 2, 2, 2, 2, 2, 2, 2] | released [0, 0, 0, 0, 2, 2, 0, 0] | locks [[7], [2], [1], [5], [0], [4], [3], [6]]
0123012301230123012301230123012301230123 | target [0, 1, 2, 3, 0, 1, 2, 3] | released [3, 3, 2, 3, 3, 3, 3, 3] | locks [[2], [3], [4], [5], [6], [1], [0], [7]]
1313131313131313131313131313131313131313 | target [1, 3, 1, 3, 1, 3, 1, 3] | released [1, 1, 3, 3, 3, 3, 1, 1] | locks [[1], [6], [3], [2], [4], [0], [5], [7]]
1230123012301230123012301230123012301230 | target [1, 2, 3, 0, 1, 2, 3, 0] | released [3, 3, 3, 3, 3, 2, 3, 2] | locks [[5], [1], [2], [0], [6], [7], [3], [4]]
2301230123012301230123012301230123012301 | target [2, 3, 0, 1, 2, 3, 0, 1] | released [3, 3, 3, 2, 2, 3, 3, 3] | locks [[4], [0], [1], [2], [7], [6], [3], [5]]
0000000000000000000000000000000000000000 | target [0, 0, 0, 0, 0, 0, 0, 0] | released [0, 0, 0, 0, 2, 0, 0, 0] | locks [[4], [1], [6], [0], [5], [7], [2], [3]]
2301230123012301230123012301230123012301 | target [2, 3, 0, 1, 2, 3, 0, 1] | released [3, 3, 3, 2, 2, 3, 3, 3] | locks [[4], [0], [1], [2], [7], [6], [3], [5]]
2301230123012301230123012301230123012301 | target [2, 3, 0, 1, 2, 3, 0, 1] | released [3, 3, 3, 2, 2, 3, 3, 3] | locks [[4], [0], [1], [2], [7], [6], [3], [5]]
2301230123012301230123012301230123012301 | target [2, 3, 0, 1, 2, 3, 0, 1] | released [3, 3, 3, 2, 2, 3, 3, 3] | locks [[4], [0], [1], [2], [7], [6], [3], [5]]
2301230123012301230123012301230123012301 | target [2, 3, 0, 1, 2, 3, 0, 1] | released [3, 3, 3, 2, 2, 3, 3, 3] | locks [[4], [0], [1], [2], [7], [6], [3], [5]]
3333333333333333333333333333333333333333 | target [3, 3, 3, 3, 3, 3, 3, 3] | released [3, 3, 3, 3, 3, 3, 3, 3] | locks [[5], [6], [7], [0], [1], [2], [3], [4]]
2103210321032103210321032103210321032103 | target [2, 1, 0, 3, 2, 1, 0, 3] | released [3, 3, 3, 3, 2, 3, 3, 3] | locks [[4], [1], [0], [2], [7], [6], [5], [3]]
2222222222222222222222222222222222222222 | target [2, 2, 2, 2, 2, 2, 2, 2] | released [0, 0, 0, 0, 2, 2, 0, 0] | locks [[7], [2], [1], [5], [0], [4], [3], [6]]
0321032103210321032103210321032103210321 | target [0, 3, 2, 1, 0, 3, 2, 1] | released [3, 3, 2, 3, 3, 3, 2, 3] | locks [[2], [6], [3], [1], [0], [5], [7], [4]]
1230123012301230123012301230123012301230 | target [1, 2, 3, 0, 1, 2, 3, 0] | released [3, 3, 3, 3, 3, 2, 3, 2] | locks [[5], [1], [2], [0], [6], [7], [3], [4]]
3333333333333333333333333333333333333333 | target [3, 3, 3, 3, 3, 3, 3, 3] | released [3, 3, 3, 3, 3, 3, 3, 3] | locks [[5], [6], [7], [0], [1], [2], [3], [4]]
3210321032103210321032103210321032103210 | target [3, 2, 1, 0, 3, 2, 1, 0] | released [3, 2, 3, 3, 3, 2, 3, 3] | locks [[1], [5], [2], [0], [4], [6], [7], [3]]
1032103210321032103210321032103210321032 | target [1, 0, 3, 2, 1, 0, 3, 2] | released [3, 3, 3, 2, 3, 3, 3, 3] | locks [[3], [0], [1], [6], [7], [5], [4], [2]]
3012301230123012301230123012301230123012 | target [3, 0, 1, 2, 3, 0, 1, 2] | released [3, 2, 1, 3, 1, 1, 0, 3] | locks [[1], [4], [3], [5], [2], [6], [0], [7]]
2103210321032103210321032103210321032103 | target [2, 1, 0, 3, 2, 1, 0, 3] | released [3, 3, 3, 3, 2, 3, 3, 3] | locks [[4], [1], [0], [2], [7], [6], [5], [3]]
0321032103210321032103210321032103210321 | target [0, 3, 2, 1, 0, 3, 2, 1] | released [3, 3, 2, 3, 3, 3, 2, 3] | locks [[2], [6], [3], [1], [0], [5], [7], [4]]
1230123012301230123012301230123012301230 | target [1, 2, 3, 0, 1, 2, 3, 0] | released [3, 3, 3, 3, 3, 2, 3, 2] | locks [[5], [1], [2], [0], [6], [7], [3], [4]]
0000000000000000000000000000000000000000 | target [0, 0, 0, 0, 0, 0, 0, 0] | released [0, 0, 0, 0, 2, 0, 0, 0] | locks [[4], [1], [6], [0], [5], [7], [2], [3]]
2103210321032103210321032103210321032103 | target [2, 1, 0, 3, 2, 1, 0, 3] | released [3, 3, 3, 3, 2, 3, 3, 3] | locks [[4], [1], [0], [2], [7], [6], [5], [3]]
2103210321032103210321032103210321032103 | target [2, 1, 0, 3, 2, 1, 0, 3] | released [3, 3, 3, 3, 2, 3, 3, 3] | locks [[4], [1], [0], [2], [7], [6], [5], [3]]
1313131313131313131313131313131313131313 | target [1, 3, 1, 3, 1, 3, 1, 3] | released [1, 1, 3, 3, 3, 3, 1, 1] | locks [[1], [6], [3], [2], [4], [0], [5], [7]]
0202020202020202020202020202020202020202 | target [0, 2, 0, 2, 0, 2, 0, 2] | released [0, 2, 0, 0, 0, 0, 0, 0] | locks [[1], [0], [2], [3], [4], [6], [5], [7]]
2301230123012301230123012301230123012301 | target [2, 3, 0, 1, 2, 3, 0, 1] | released [3, 3, 3, 2, 2, 3, 3, 3] | locks [[4], [0], [1], [2], [7], [6], [3], [5]]
3210321032103210321032103210321032103210 | target [3, 2, 1, 0, 3, 2, 1, 0] | released [3, 2, 3, 3, 3, 2, 3, 3] | locks [[1], [5], [2], [0], [4], [6], [7], [3]]
2222222222222222222222222222222222222222 | target [2, 2, 2, 2, 2, 2, 2, 2] | released [0, 0, 0, 0, 2, 2, 0, 0] | locks [[7], [2], [1], [5], [0], [4], [3], [6]]
0202020202020202020202020202020202020202 | target [0, 2, 0, 2, 0, 2, 0, 2] | released [0, 2, 0, 0, 0, 0, 0, 0] | locks [[1], [0], [2], [3], [4], [6], [5], [7]]
3333333333333333333333333333333333333333 | target [3, 3, 3, 3, 3, 3, 3, 3] | released [3, 3, 3, 3, 3, 3, 3, 3] | locks [[5], [6], [7], [0], [1], [2], [3], [4]]
2103210321032103210321032103210321032103 | target [2, 1, 0, 3, 2, 1, 0, 3] | released [3, 3, 3, 3, 2, 3, 3, 3] | locks [[4], [1], [0], [2], [7], [6], [5], [3]]
0321032103210321032103210321032103210321 | target [0, 3, 2, 1, 0, 3, 2, 1] | released [3, 3, 2, 3, 3, 3, 2, 3] | locks [[2], [6], [3], [1], [0], [5], [7], [4]]
2301230123012301230123012301230123012301 | target [2, 3, 0, 1, 2, 3, 0, 1] | released [3, 3, 3, 2, 2, 3, 3, 3] | locks [[4], [0], [1], [2], [7], [6], [3], [5]]
2020202020202020202020202020202020202020 | target [2, 0, 2, 0, 2, 0, 2, 0] | released [2, 0, 0, 0, 0, 0, 0, 2] | locks [[0], [7], [3], [2], [1], [4], [5], [6]]
2103210321032103210321032103210321032103 | target [2, 1, 0, 3, 2, 1, 0, 3] | released [3, 3, 3, 3, 2, 3, 3, 3] | locks [[4], [1], [0], [2], [7], [6], [5], [3]]
1313131313131313131313131313131313131313 | target [1, 3, 1, 3, 1, 3, 1, 3] | released [1, 1, 3, 3, 3, 3, 1, 1] | locks [[1], [6], [3], [2], [4], [0], [5], [7]]
3131313131313131313131313131313131313131 | target [3, 1, 3, 1, 3, 1, 3, 1] | released [1, 1, 3, 3, 3, 1, 1, 1] | locks [[1], [5], [0], [6], [7], [3], [2], [4]]
2301230123012301230123012301230123012301 | target [2, 3, 0, 1, 2, 3, 0, 1] | released [3, 3, 3, 2, 2, 3, 3, 3] | locks [[4], [0], [1], [2], [7], [6], [3], [5]]
2222222222222222222222222222222222222222 | target [2, 2, 2, 2, 2, 2, 2, 2] | released [0, 0, 0, 0, 2, 2, 0, 0] | locks [[7], [2], [1], [5], [0], [4], [3], [6]]
3210321032103210321032103210321032103210 | target [3, 2, 1, 0, 3, 2, 1, 0] | released [3, 2, 3, 3, 3, 2, 3, 3] | locks [[1], [5], [2], [0], [4], [6], [7], [3]]
0202020202020202020202020202020202020202 | target [0, 2, 0, 2, 0, 2, 0, 2] | released [0, 2, 0, 0, 0, 0, 0, 0] | locks [[1], [0], [2], [3], [4], [6], [5], [7]]
3012301230123012301230123012301230123012 | target [3, 0, 1, 2, 3, 0, 1, 2] | released [3, 2, 1, 3, 1, 1, 0, 3] | locks [[1], [4], [3], [5], [2], [6], [0], [7]]
0123012301230123012301230123012301230123 | target [0, 1, 2, 3, 0, 1, 2, 3] | released [3, 3, 2, 3, 3, 3, 3, 3] | locks [[2], [3], [4], [5], [6], [1], [0], [7]]
0202020202020202020202020202020202020202 | target [0, 2, 0, 2, 0, 2, 0, 2] | released [0, 2, 0, 0, 0, 0, 0, 0] | locks [[1], [0], [2], [3], [4], [6], [5], [7]]
2301230123012301230123012301230123012301 | target [2, 3, 0, 1, 2, 3, 0, 1] | released [3, 3, 3, 2, 2, 3, 3, 3] | locks [[4], [0], [1], [2], [7], [6], [3], [5]]
3210321032103210321032103210321032103210 | target [3, 2, 1, 0, 3, 2, 1, 0] | released [3, 2, 3, 3, 3, 2, 3, 3] | locks [[1], [5], [2], [0], [4], [6], [7], [3]]
0321032103210321032103210321032103210321 | target [0, 3, 2, 1, 0, 3, 2, 1] | released [3, 3, 2, 3, 3, 3, 2, 3] | locks [[2], [6], [3], [1], [0], [5], [7], [4]]
1313131313131313131313131313131313131313 | target [1, 3, 1, 3, 1, 3, 1, 3] | released [1, 1, 3, 3, 3, 3, 1, 1] | locks [[1], [6], [3], [2], [4], [0], [5], [7]]
1230123012301230123012301230123012301230 | target [1, 2, 3, 0, 1, 2, 3, 0] | released [3, 3, 3, 3, 3, 2, 3, 2] | locks [[5], [1], [2], [0], [6], [7], [3], [4]]
1313131313131313131313131313131313131313 | target [1, 3, 1, 3, 1, 3, 1, 3] | released [1, 1, 3, 3, 3, 3, 1, 1] | locks [[1], [6], [3], [2], [4], [0], [5], [7]]
1230123012301230123012301230123012301230 | target [1, 2, 3, 0, 1, 2, 3, 0] | released [3, 3, 3, 3, 3, 2, 3, 2] | locks [[5], [1], [2], [0], [6], [7], [3], [4]]
0202020202020202020202020202020202020202 | target [0, 2, 0, 2, 0, 2, 0, 2] | released [0, 2, 0, 0, 0, 0, 0, 0] | locks [[1], [0], [2], [3], [4], [6], [5], [7]]
1313131313131313131313131313131313131313 | target [1, 3, 1, 3, 1, 3, 1, 3] | released [1, 1, 3, 3, 3, 3, 1, 1] | locks [[1], [6], [3], [2], [4], [0], [5], [7]]
2103210321032103210321032103210321032103 | target [2, 1, 0, 3, 2, 1, 0, 3] | released [3, 3, 3, 3, 2, 3, 3, 3] | locks [[4], [1], [0], [2], [7], [6], [5], [3]]
3210321032103210321032103210321032103210 | target [3, 2, 1, 0, 3, 2, 1, 0] | released [3, 2, 3, 3, 3, 2, 3, 3] | locks [[1], [5], [2], [0], [4], [6], [7], [3]]
1313131313131313131313131313131313131313 | target [1, 3, 1, 3, 1, 3, 1, 3] | released [1, 1, 3, 3, 3, 3, 1, 1] | locks [[1], [6], [3], [2], [4], [0], [5], [7]]
0202020202020202020202020202020202020202 | target [0, 2, 0, 2, 0, 2, 0, 2] | released [0, 2, 0, 0, 0, 0, 0, 0] | locks [[1], [0], [2], [3], [4], [6], [5], [7]]
0123012301230123012301230123012301230123 | target [0, 1, 2, 3, 0, 1, 2, 3] | released [3, 3, 2, 3, 3, 3, 3, 3] | locks [[2], [3], [4], [5], [6], [1], [0], [7]]
1111111111111111111111111111111111111111 | target [1, 1, 1, 1, 1, 1, 1, 1] | released [1, 1, 1, 1, 1, 1, 1, 1] | locks [[5], [0], [6], [4], [7], [2], [1], [3]]
1032103210321032103210321032103210321032 | target [1, 0, 3, 2, 1, 0, 3, 2] | released [3, 3, 3, 2, 3, 3, 3, 3] | locks [[3], [0], [1], [6], [7], [5], [4], [2]]
0123012301230123012301230123012301230123 | target [0, 1, 2, 3, 0, 1, 2, 3] | released [3, 3, 2, 3, 3, 3, 3, 3] | locks [[2], [3], [4], [5], [6], [1], [0], [7]]
