== lossless on order2, seed 2026093022
1302030031323202202333203220220022330033 | target [0, 0, 1, 1, 2, 2, 3, 3] | held [1, 1, 2, 2, 1, 4, 2, 1] | locks []
1001130302021212010003101311102203202330 | target [0, 1, 1, 2, 2, 3, 3, 0] | held [3, 3, 3, 3, 3, 3, 3, 3] | locks []
1111232112221010211103013223310031232310 | target [2, 1, 3, 2, 0, 3, 1, 0] | held [2, 2, 1, 1, 1, 0, 2, 1] | locks []
1111321011310010232333323000112023213130 | target [0, 1, 1, 2, 2, 3, 3, 0] | held [0, 0, 0, 0, 0, 0, 0, 0] | locks []
0212030310121213233212222011320113302301 | target [1, 2, 2, 3, 3, 0, 0, 1] | held [0, 0, 0, 0, 0, 0, 0, 0] | locks []
3133121331130331333113002210332031232021 | target [3, 2, 0, 3, 1, 0, 2, 1] | held [3, 3, 3, 3, 3, 3, 3, 3] | locks []
2122133322002210323321001220130020211030 | target [0, 1, 1, 2, 2, 3, 3, 0] | held [2, 4, 1, 0, 4, 4, 1, 2] | locks []
2132232113111221020202123302101020231132 | target [0, 3, 1, 0, 2, 1, 3, 2] | held [1, 2, 2, 1, 1, 2, 1, 1] | locks []
3323303123230233301330023000113220333022 | target [3, 3, 0, 0, 1, 1, 2, 2] | held [3, 3, 2, 2, 4, 3, 3, 3] | locks []
2013021132213113302202320313211301333023 | target [3, 0, 0, 1, 1, 2, 2, 3] | held [3, 3, 3, 3, 3, 3, 3, 3] | locks []
2102322110111100330222123133320100331123 | target [3, 0, 0, 1, 1, 2, 2, 3] | held [0, 0, 0, 0, 0, 0, 0, 0] | locks []
0121020300130121023323000000200021121032 | target [0, 3, 1, 0, 2, 1, 3, 2] | held [0, 4, 1, 1, 4, 4, 1, 0] | locks []
2331112113312030331131121303022010330223 | target [3, 0, 0, 1, 1, 2, 2, 3] | held [3, 3, 3, 3, 3, 3, 3, 3] | locks []
1121322122103322002300031030212223301302 | target [1, 3, 2, 0, 3, 1, 0, 2] | held [0, 2, 1, 1, 2, 2, 1, 2] | locks []
0222321332022201301310013120231111102303 | target [1, 0, 2, 1, 3, 2, 0, 3] | held [0, 1, 0, 0, 1, 0, 0, 0] | locks []
3132020203233010110213322031131231113013 | target [2, 0, 3, 1, 0, 2, 1, 3] | held [2, 1, 1, 2, 0, 1, 2, 2] | locks []
1103220113022132122312121022110222030323 | target [3, 0, 0, 1, 1, 2, 2, 3] | held [1, 2, 4, 1, 2, 2, 1, 1] | locks []
0223103301323032200033112133130012303013 | target [2, 0, 3, 1, 0, 2, 1, 3] | held [3, 3, 3, 3, 3, 3, 3, 3] | locks []
0112332000030223131321133222332132033320 | target [3, 1, 0, 2, 1, 3, 2, 0] | held [2, 1, 3, 2, 1, 3, 2, 2] | locks []
1023111120121222010300203201223103101313 | target [2, 0, 3, 1, 0, 2, 1, 3] | held [3, 3, 3, 3, 3, 3, 3, 3] | locks []
1223110121012032000203313031020023231200 | target [1, 1, 2, 2, 3, 3, 0, 0] | held [1, 3, 2, 1, 1, 3, 3, 1] | locks []
2102230103000223120023232301302113233023 | target [3, 0, 0, 1, 1, 2, 2, 3] | held [2, 1, 1, 2, 2, 1, 1, 2] | locks []
2232200133111311311310322202131203101121 | target [3, 2, 0, 3, 1, 0, 2, 1] | held [2, 0, 1, 2, 2, 0, 1, 2] | locks []
1102131313302211222011132321131021001330 | target [0, 1, 1, 2, 2, 3, 3, 0] | held [1, 0, 2, 4, 1, 3, 2, 2] | locks []
3313003211310021120122032313122313103330 | target [0, 1, 1, 2, 2, 3, 3, 0] | held [4, 2, 1, 4, 2, 1, 1, 2] | locks []
2210320110320213302232120332013022223212 | target [2, 3, 3, 0, 0, 1, 1, 2] | held [0, 0, 1, 0, 0, 1, 1, 0] | locks []
1231321011102010021320211312233333323111 | target [2, 2, 3, 3, 0, 0, 1, 1] | held [0, 0, 0, 0, 0, 0, 0, 0] | locks []
1220200210023103233211200312112022120012 | target [2, 3, 3, 0, 0, 1, 1, 2] | held [3, 3, 3, 3, 3, 3, 3, 3] | locks []
1332211012120023023102312232221221203231 | target [0, 2, 1, 3, 2, 0, 3, 1] | held [4, 2, 1, 0, 0, 0, 1, 0] | locks []
3223103232320012111331310021233213303121 | target [3, 2, 0, 3, 1, 0, 2, 1] | held [3, 3, 3, 3, 3, 3, 3, 3] | locks []
0232221212010221233031102100321023220201 | target [1, 2, 2, 3, 3, 0, 0, 1] | held [3, 3, 3, 3, 3, 3, 3, 3] | locks []
1233303211213121320220300112232331323223 | target [3, 0, 0, 1, 1, 2, 2, 3] | held [2, 2, 3, 3, 2, 1, 3, 2] | locks []
1032011213010220303002212330230331013203 | target [1, 0, 2, 1, 3, 2, 0, 3] | held [2, 1, 1, 2, 2, 1, 1, 2] | locks []
0330222011011123231312003033111222210200 | target [1, 1, 2, 2, 3, 3, 0, 0] | held [2, 2, 1, 1, 2, 1, 1, 2] | locks []
2220000200333321221110220213233230030133 | target [0, 0, 1, 1, 2, 2, 3, 3] | held [0, 0, 0, 0, 0, 0, 0, 0] | locks []
0233112020103331301133223113101120021202 | target [1, 3, 2, 0, 3, 1, 0, 2] | held [1, 0, 0, 1, 2, 0, 0, 4] | locks []
0121211331212020012200003022231100120022 | target [3, 3, 0, 0, 1, 1, 2, 2] | held [3, 3, 3, 3, 3, 3, 3, 3] | locks []
2232301320010210302201111222023020033333 | target [0, 0, 1, 1, 2, 2, 3, 3] | held [0, 0, 0, 0, 0, 0, 0, 0] | locks []
3133100132201010133311111323221120310031 | target [0, 2, 1, 3, 2, 0, 3, 1] | held [0, 0, 0, 0, 0, 0, 0, 0] | locks []
3021032012030220320200031101113002200332 | target [0, 3, 1, 0, 2, 1, 3, 2] | held [3, 2, 0, 0, 3, 4, 0, 2] | locks []
0332123221120122231231210031010002120313 | target [2, 0, 3, 1, 0, 2, 1, 3] | held [2, 4, 3, 0, 2, 1, 3, 0] | locks []
0001013021333033221221023132313021201120 | target [3, 1, 0, 2, 1, 3, 2, 0] | held [0, 0, 0, 0, 0, 0, 0, 0] | locks []
2221120020221330320201303021213010101001 | target [1, 2, 2, 3, 3, 0, 0, 1] | held [3, 3, 3, 3, 3, 3, 3, 3] | locks []
0122313312303313023201122130130020312220 | target [3, 1, 0, 2, 1, 3, 2, 0] | held [0, 0, 0, 0, 0, 0, 0, 0] | locks []
2300321000323202000023010112321022333221 | target [3, 2, 0, 3, 1, 0, 2, 1] | held [1, 1, 2, 2, 1, 2, 2, 1] | locks []
2230003320130122223100123102010231312330 | target [0, 1, 1, 2, 2, 3, 3, 0] | held [1, 2, 1, 1, 4, 0, 1, 1] | locks []
0111133110202310100031022110222302322003 | target [1, 0, 2, 1, 3, 2, 0, 3] | held [3, 3, 3, 3, 3, 3, 3, 3] | locks []
0123012200113022111321232332002333132112 | target [2, 3, 3, 0, 0, 1, 1, 2] | held [2, 1, 1, 2, 0, 1, 2, 2] | locks []
3022012030201031202032331130002032130120 | target [3, 1, 0, 2, 1, 3, 2, 0] | held [2, 1, 3, 2, 1, 1, 2, 3] | locks []
3311232322023020002302310313222133333003 | target [1, 0, 2, 1, 3, 2, 0, 3] | held [3, 3, 3, 3, 3, 3, 3, 3] | locks []
2321302100300032233033210202000300312200 | target [1, 1, 2, 2, 3, 3, 0, 0] | held [1, 0, 2, 1, 1, 2, 2, 1] | locks []
2303030210030133221323031011220123200032 | target [0, 3, 1, 0, 2, 1, 3, 2] | held [0, 0, 0, 0, 0, 0, 0, 0] | locks []
0103222303022210321312020120231013330320 | target [3, 1, 0, 2, 1, 3, 2, 0] | held [0, 2, 1, 1, 2, 1, 1, 4] | locks []
3033303003020331010330213033000033101332 | target [0, 3, 1, 0, 2, 1, 3, 2] | held [3, 2, 1, 3, 2, 2, 1, 4] | locks []
1002213231202120203233103132203320320331 | target [0, 2, 1, 3, 2, 0, 3, 1] | held [2, 1, 3, 2, 2, 1, 3, 2] | locks []
1303301210222302310212010203222133022131 | target [0, 2, 1, 3, 2, 0, 3, 1] | held [1, 2, 0, 1, 0, 2, 0, 1] | locks []
3300211100023102103322332031011003103113 | target [2, 0, 3, 1, 0, 2, 1, 3] | held [2, 0, 1, 2, 0, 1, 2, 2] | locks []
2333133322212210110320030231220101002312 | target [2, 3, 3, 0, 0, 1, 1, 2] | held [0, 0, 1, 0, 0, 4, 0, 0] | locks []
0232312120312121000221001323230020003021 | target [3, 2, 0, 3, 1, 0, 2, 1] | held [3, 3, 3, 3, 3, 3, 3, 3] | locks []
3321321110032033012103033002223103032111 | target [2, 2, 3, 3, 0, 0, 1, 1] | held [1, 3, 2, 1, 1, 2, 0, 1] | locks []
1030303323122231321212212001131211323122 | target [3, 3, 0, 0, 1, 1, 2, 2] | held [0, 0, 0, 0, 0, 0, 0, 0] | locks []
2111002202001302011313323113131100321201 | target [1, 2, 2, 3, 3, 0, 0, 1] | held [3, 2, 1, 3, 2, 1, 1, 2] | locks []
2103220010113301023322030231232000012121 | target [3, 2, 0, 3, 1, 0, 2, 1] | held [3, 3, 3, 3, 3, 3, 1, 3] | locks []
2102203220031033032311230133223330120133 | target [0, 0, 1, 1, 2, 2, 3, 3] | held [3, 3, 3, 3, 3, 3, 3, 3] | locks []
1230220011000113012100113221213023313121 | target [3, 2, 0, 3, 1, 0, 2, 1] | held [3, 3, 3, 3, 3, 3, 3, 3] | locks []
0311313000103331111103120303113212122033 | target [0, 0, 1, 1, 2, 2, 3, 3] | held [0, 0, 0, 0, 0, 0, 0, 0] | locks []
1302312322301030030212333303110032200330 | target [0, 1, 1, 2, 2, 3, 3, 0] | held [3, 3, 3, 3, 3, 3, 3, 3] | locks []
2233233110230200332033131123030202210323 | target [3, 0, 0, 1, 1, 2, 2, 3] | held [4, 2, 1, 4, 2, 1, 1, 2] | locks []
0001303100220311102331003130010121020021 | target [3, 2, 0, 3, 1, 0, 2, 1] | held [3, 3, 3, 3, 3, 3, 3, 3] | locks []
1311323131133222333120113330300131333213 | target [2, 0, 3, 1, 0, 2, 1, 3] | held [1, 1, 2, 1, 1, 2, 2, 1] | locks []
1221111300320020200302132003331202011301 | target [1, 2, 2, 3, 3, 0, 0, 1] | held [3, 3, 3, 3, 3, 3, 3, 3] | locks []
1300131003001330322230302010013322100303 | target [1, 0, 2, 1, 3, 2, 0, 3] | held [1, 2, 1, 2, 1, 4, 1, 2] | locks []
3300002313133321122221331223330223313001 | target [1, 2, 2, 3, 3, 0, 0, 1] | held [1, 1, 1, 1, 1, 1, 2, 1] | locks []
3301210322232013023310312203211322321231 | target [0, 2, 1, 3, 2, 0, 3, 1] | held [1, 3, 2, 1, 4, 2, 1, 1] | locks []
2021010001303310332133031300320132130300 | target [1, 1, 2, 2, 3, 3, 0, 0] | held [0, 0, 0, 0, 0, 0, 0, 0] | locks []
0200133331020012313210312020030232120010 | target [2, 1, 3, 2, 0, 3, 1, 0] | held [2, 1, 0, 2, 1, 1, 2, 2] | locks []
2223211322113212023322013123301030031123 | target [3, 0, 0, 1, 1, 2, 2, 3] | held [0, 0, 1, 0, 0, 0, 0, 0] | locks []
1333201232203201230310233120203000213310 | target [2, 1, 3, 2, 0, 3, 1, 0] | held [2, 2, 1, 0, 2, 1, 1, 2] | locks []
3301020310121223301321221123122302001322 | target [3, 3, 0, 0, 1, 1, 2, 2] | held [0, 0, 1, 0, 0, 1, 1, 0] | locks []
1010113323322113313100103131100300102021 | target [3, 2, 0, 3, 1, 0, 2, 1] | held [3, 4, 0, 0, 0, 0, 1, 3] | locks []
0310303111133201121122121110222322302111 | target [2, 2, 3, 3, 0, 0, 1, 1] | held [1, 0, 0, 0, 0, 0, 0, 1] | locks []
2210120231222220320013133302221112113320 | target [3, 1, 0, 2, 1, 3, 2, 0] | held [2, 2, 1, 1, 2, 1, 1, 2] | locks []
2210102203133032113111201323312023131012 | target [2, 3, 3, 0, 0, 1, 1, 2] | held [0, 1, 2, 0, 1, 4, 2, 0] | locks []
0133330212110233000033000201222003023203 | target [1, 0, 2, 1, 3, 2, 0, 3] | held [1, 1, 2, 2, 1, 2, 4, 1] | locks []
1321131010212000203000202312220302312113 | target [2, 0, 3, 1, 0, 2, 1, 3] | held [0, 3, 4, 0, 3, 3, 2, 3] | locks []
1330320233130330132313001101301330003200 | target [1, 1, 2, 2, 3, 3, 0, 0] | held [3, 3, 3, 3, 3, 3, 3, 3] | locks []
3310332323113001033101203112010003332020 | target [3, 1, 0, 2, 1, 3, 2, 0] | held [0, 0, 0, 0, 0, 0, 0, 0] | locks []
1030131232222031032022110303111332202323 | target [3, 0, 0, 1, 1, 2, 2, 3] | held [0, 0, 0, 0, 0, 0, 0, 0] | locks []
1130230303030002010100320302313103332110 | target [2, 1, 3, 2, 0, 3, 1, 0] | held [2, 1, 4, 2, 1, 1, 2, 0] | locks []
2031101211221223233333023130123300210110 | target [2, 1, 3, 2, 0, 3, 1, 0] | held [2, 1, 1, 0, 2, 1, 4, 2] | locks []
2113030322302220130012333313213030131223 | target [3, 0, 0, 1, 1, 2, 2, 3] | held [3, 3, 3, 3, 2, 3, 3, 3] | locks []
0302310332121323011300202221321201120211 | target [2, 2, 3, 3, 0, 0, 1, 1] | held [1, 1, 2, 2, 1, 2, 2, 1] | locks []
3222132020030111232003330021323302121212 | target [2, 3, 3, 0, 0, 1, 1, 2] | held [1, 1, 2, 1, 1, 2, 2, 1] | locks []
1013013231312200110222110203123011302301 | target [1, 2, 2, 3, 3, 0, 0, 1] | held [1, 2, 1, 1, 2, 2, 1, 1] | locks []
1321120031111300230022331210232011110203 | target [1, 0, 2, 1, 3, 2, 0, 3] | held [2, 2, 1, 1, 2, 1, 1, 2] | locks []
2300012033001111223303301312122321213212 | target [2, 3, 3, 0, 0, 1, 1, 2] | held [2, 1, 3, 2, 0, 1, 2, 2] | locks []
0031013112222101030110112303223313332011 | target [2, 2, 3, 3, 0, 0, 1, 1] | held [0, 0, 0, 0, 0, 0, 0, 0] | locks []
0311323310020111003000201030103133033203 | target [1, 0, 2, 1, 3, 2, 0, 3] | held [4, 4, 0, 0, 4, 0, 0, 0] | locks []
3303122212230120320010023003133213103113 | target [2, 0, 3, 1, 0, 2, 1, 3] | held [0, 0, 0, 0, 0, 0, 0, 0] | locks []
3131231210100022103002220121323301220113 | target [2, 0, 3, 1, 0, 2, 1, 3] | held [1, 1, 2, 1, 1, 2, 2, 1] | locks []
1301122030021111033211011300032232033303 | target [1, 0, 2, 1, 3, 2, 0, 3] | held [0, 1, 0, 0, 1, 0, 2, 0] | locks []
0202220330100121221121213022230030020011 | target [2, 2, 3, 3, 0, 0, 1, 1] | held [3, 3, 3, 3, 3, 3, 3, 3] | locks []
3321133210003312010312331303113100133211 | target [2, 2, 3, 3, 0, 0, 1, 1] | held [3, 3, 3, 3, 3, 3, 3, 3] | locks []
1223223210230002303003113020022121113010 | target [2, 1, 3, 2, 0, 3, 1, 0] | held [1, 3, 2, 1, 1, 2, 2, 1] | locks []
0332003213111012030101130101302303101131 | target [0, 2, 1, 3, 2, 0, 3, 1] | held [1, 0, 0, 1, 2, 0, 1, 1] | locks []
2232111032031302221200101333202101303201 | target [1, 2, 2, 3, 3, 0, 0, 1] | held [4, 0, 0, 0, 0, 0, 0, 0] | locks []
3001013131210100212120032221123100010131 | target [0, 2, 1, 3, 2, 0, 3, 1] | held [2, 2, 3, 1, 2, 2, 3, 1] | locks []
2003323221123313222121310020101313103210 | target [2, 1, 3, 2, 0, 3, 1, 0] | held [4, 0, 0, 0, 0, 0, 0, 0] | locks []
0001321221010223333233221001211323110202 | target [1, 3, 2, 0, 3, 1, 0, 2] | held [4, 1, 2, 2, 4, 1, 0, 2] | locks []
2121011031012221323231300200032311232112 | target [2, 3, 3, 0, 0, 1, 1, 2] | held [2, 1, 3, 2, 1, 1, 2, 2] | locks []
2300131010320110303010330022303212203001 | target [1, 2, 2, 3, 3, 0, 0, 1] | held [2, 2, 1, 3, 2, 1, 1, 2] | locks []
3232021311300320010012031210321231222110 | target [2, 1, 3, 2, 0, 3, 1, 0] | held [1, 3, 1, 1, 1, 2, 1, 1] | locks []
0022022322031223223020223223312231321102 | target [1, 3, 2, 0, 3, 1, 0, 2] | held [1, 1, 2, 2, 1, 4, 2, 1] | locks []
3312301232211101312102223222213111303020 | target [3, 1, 0, 2, 1, 3, 2, 0] | held [0, 0, 0, 0, 0, 0, 0, 0] | locks []
3102132200010210122212121001331020302203 | target [1, 0, 2, 1, 3, 2, 0, 3] | held [3, 3, 3, 3, 3, 3, 3, 3] | locks []
1313021231202233200032131320003312220232 | target [0, 3, 1, 0, 2, 1, 3, 2] | held [0, 0, 0, 0, 0, 0, 0, 0] | locks []
1122200311013331301012000022120011231103 | target [1, 0, 2, 1, 3, 2, 0, 3] | held [3, 3, 3, 3, 3, 3, 3, 3] | locks []
2012002322003012221312021103023201212302 | target [1, 3, 2, 0, 3, 1, 0, 2] | held [3, 3, 3, 3, 3, 3, 3, 3] | locks []
1101103102230201321312302231122012221301 | target [1, 2, 2, 3, 3, 0, 0, 1] | held [2, 3, 1, 3, 2, 3, 1, 2] | locks []
3022310333123030101302121211110210332110 | target [2, 1, 3, 2, 0, 3, 1, 0] | held [0, 0, 0, 0, 0, 0, 0, 0] | locks []
1131322032313021122220231222013000112233 | target [0, 0, 1, 1, 2, 2, 3, 3] | held [0, 0, 0, 0, 0, 0, 0, 0] | locks []
2231003210012320111320021330220023220200 | target [1, 1, 2, 2, 3, 3, 0, 0] | held [3, 3, 3, 3, 3, 3, 3, 3] | locks []
2331021310220320131100012321313023202103 | target [1, 0, 2, 1, 3, 2, 0, 3] | held [4, 0, 0, 0, 0, 0, 0, 0] | locks []
2330012331133011011110000000232222133000 | target [1, 1, 2, 2, 3, 3, 0, 0] | held [3, 1, 3, 3, 4, 3, 2, 3] | locks []
3133223111103301100310333321201202220203 | target [1, 0, 2, 1, 3, 2, 0, 3] | held [0, 0, 0, 0, 0, 0, 0, 0] | locks []
0010123320221332012330233203312033202313 | target [2, 0, 3, 1, 0, 2, 1, 3] | held [3, 2, 2, 1, 4, 2, 1, 4] | locks []
0033310232022211130302123030332333131312 | target [2, 3, 3, 0, 0, 1, 1, 2] | held [3, 2, 2, 1, 1, 2, 2, 3] | locks []
2002010231313102120113203022103311003000 | target [1, 1, 2, 2, 3, 3, 0, 0] | held [3, 3, 3, 3, 3, 3, 3, 3] | locks []
== opening on order2, seed 2026093022
1302030031323202202333203220220022330033 | target [0, 0, 1, 1, 2, 2, 3, 3] | released [1, 3, 3, 1, 3, 3, 2, 1] | locks [[7], [6], [3], [2], [1], [0], [4], [5]]
1001130302021212010003101311102203202330 | target [0, 1, 1, 2, 2, 3, 3, 0] | released [1, 0, 1, 2, 1, 2, 1, 2] | locks [[6], [5], [7], [4], [2], [3], [0], [1]]
1111232112221010211103013223310031232310 | target [2, 1, 3, 2, 0, 3, 1, 0] | released [1, 0, 1, 2, 1, 2, 1, 2] | locks [[6], [4], [2], [7], [0], [1], [5], [3]]
1111321011310010232333323000112023213130 | target [0, 1, 1, 2, 2, 3, 3, 0] | released [3, 0, 1, 0, 1, 0, 1, 2] | locks [[6], [4], [7], [2], [5], [3], [1], [0]]
0212030310121213233212222011320113302301 | target [1, 2, 2, 3, 3, 0, 0, 1] | held [3, 3, 4, 2, 4, 2, 1, 2] | locks [[6], [5], [4], [3], [2], [7]]
3133121331130331333113002210332031232021 | target [3, 2, 0, 3, 1, 0, 2, 1] | released [2, 3, 3, 3, 1, 2, 1, 2] | locks [[6], [5], [7], [0], [2], [4], [3], [1]]
2122133322002210323321001220130020211030 | target [0, 1, 1, 2, 2, 3, 3, 0] | released [3, 3, 3, 3, 3, 1, 2, 1] | locks [[7], [6], [0], [2], [4], [5], [3], [1]]
2132232113111221020202123302101020231132 | target [0, 3, 1, 0, 2, 1, 3, 2] | released [3, 3, 3, 1, 0, 1, 0, 1] | locks [[7], [5], [3], [6], [4], [0], [1], [2]]
3323303123230233301330023000113220333022 | target [3, 3, 0, 0, 1, 1, 2, 2] | released [3, 3, 1, 3, 3, 1, 0, 1] | locks [[7], [5], [6], [1], [3], [4], [0], [2]]
2013021132213113302202320313211301333023 | target [3, 0, 0, 1, 1, 2, 2, 3] | released [1, 3, 3, 3, 1, 0, 1, 1] | locks [[6], [4], [5], [1], [2], [3], [0], [7]]
2102322110111100330222123133320100331123 | target [3, 0, 0, 1, 1, 2, 2, 3] | released [1, 3, 3, 1, 3, 3, 1, 2] | locks [[6], [7], [2], [4], [5], [3], [1], [0]]
0121020300130121023323000000200021121032 | target [0, 3, 1, 0, 2, 1, 3, 2] | released [3, 1, 0, 1, 0, 1, 0, 1] | locks [[7], [5], [4], [6], [3], [2], [1], [0]]
2331112113312030331131121303022010330223 | target [3, 0, 0, 1, 1, 2, 2, 3] | released [1, 3, 3, 3, 1, 1, 2, 1] | locks [[7], [6], [2], [0], [3], [1], [5], [4]]
1121322122103322002300031030212223301302 | target [1, 3, 2, 0, 3, 1, 0, 2] | released [3, 1, 0, 1, 0, 1, 0, 1] | locks [[7], [5], [3], [6], [4], [2], [1], [0]]
0222321332022201301310013120231111102303 | target [1, 0, 2, 1, 3, 2, 0, 3] | released [3, 1, 3, 1, 3, 1, 3, 1] | locks [[7], [5], [2], [4], [6], [0], [3], [1]]
3132020203233010110213322031131231113013 | target [2, 0, 3, 1, 0, 2, 1, 3] | released [1, 3, 3, 1, 3, 3, 2, 1] | locks [[7], [6], [3], [1], [2], [5], [4], [0]]
1103220113022132122312121022110222030323 | target [3, 0, 0, 1, 1, 2, 2, 3] | released [3, 1, 3, 3, 1, 3, 1, 1] | locks [[6], [4], [3], [2], [7], [1], [0], [5]]
0223103301323032200033112133130012303013 | target [2, 0, 3, 1, 0, 2, 1, 3] | released [3, 3, 3, 1, 3, 1, 2, 1] | locks [[7], [6], [3], [5], [2], [1], [0], [4]]
0112332000030223131321133222332132033320 | target [3, 1, 0, 2, 1, 3, 2, 0] | released [3, 3, 1, 0, 1, 0, 1, 2] | locks [[6], [4], [7], [2], [5], [3], [0], [1]]
1023111120121222010300203201223103101313 | target [2, 0, 3, 1, 0, 2, 1, 3] | released [3, 3, 3, 1, 3, 4, 2, 1] | locks [[7], [6], [3], [5], [1], [2], [4], [0]]
1223110121012032000203313031020023231200 | target [1, 1, 2, 2, 3, 3, 0, 0] | released [3, 3, 3, 3, 2, 1, 2, 1] | locks [[7], [6], [5], [4], [2], [3], [1], [0]]
2102230103000223120023232301302113233023 | target [3, 0, 0, 1, 1, 2, 2, 3] | released [3, 3, 1, 3, 1, 2, 1, 2] | locks [[6], [4], [2], [7], [5], [1], [3], [0]]
2232200133111311311310322202131203101121 | target [3, 2, 0, 3, 1, 0, 2, 1] | released [3, 1, 2, 2, 4, 2, 1, 2] | locks [[6], [5], [4], [1], [7], [3], [0], [2]]
1102131313302211222011132321131021001330 | target [0, 1, 1, 2, 2, 3, 3, 0] | released [3, 3, 3, 1, 0, 1, 0, 1] | locks [[7], [5], [6], [3], [4], [2], [1], [0]]
3313003211310021120122032313122313103330 | target [0, 1, 1, 2, 2, 3, 3, 0] | released [3, 1, 3, 3, 3, 2, 1, 2] | locks [[6], [5], [7], [0], [3], [4], [1], [2]]
2210320110320213302232120332013022223212 | target [2, 3, 3, 0, 0, 1, 1, 2] | released [1, 3, 1, 2, 2, 4, 2, 1] | locks [[7], [6], [5], [2], [0], [4], [1], [3]]
1231321011102010021320211312233333323111 | target [2, 2, 3, 3, 0, 0, 1, 1] | released [3, 1, 0, 1, 0, 1, 0, 1] | locks [[7], [5], [3], [6], [1], [4], [2], [0]]
1220200210023103233211200312112022120012 | target [2, 3, 3, 0, 0, 1, 1, 2] | released [0, 1, 0, 1, 4, 1, 2, 1] | locks [[7], [6], [3], [5], [4], [0], [1], [2]]
1332211012120023023102312232221221203231 | target [0, 2, 1, 3, 2, 0, 3, 1] | released [3, 1, 3, 1, 2, 1, 2, 1] | locks [[7], [5], [3], [1], [4], [6], [0], [2]]
3223103232320012111331310021233213303121 | target [3, 2, 0, 3, 1, 0, 2, 1] | released [3, 3, 1, 3, 4, 2, 1, 3] | locks [[6], [5], [4], [0], [2], [1], [3], [7]]
0232221212010221233031102100321023220201 | target [1, 2, 2, 3, 3, 0, 0, 1] | released [0, 1, 0, 1, 0, 1, 0, 1] | locks [[7], [5], [3], [1], [2], [0], [6], [4]]
1233303211213121320220300112232331323223 | target [3, 0, 0, 1, 1, 2, 2, 3] | released [3, 3, 3, 3, 3, 3, 3, 1] | locks [[7], [2], [6], [5], [4], [3], [1], [0]]
1032011213010220303002212330230331013203 | target [1, 0, 2, 1, 3, 2, 0, 3] | released [1, 3, 3, 3, 2, 1, 2, 1] | locks [[7], [6], [5], [4], [2], [1], [3], [0]]
0330222011011123231312003033111222210200 | target [1, 1, 2, 2, 3, 3, 0, 0] | released [0, 1, 0, 1, 2, 1, 2, 1] | locks [[7], [6], [5], [3], [1], [4], [0], [2]]
2220000200333321221110220213233230030133 | target [0, 0, 1, 1, 2, 2, 3, 3] | released [3, 3, 3, 3, 3, 3, 3, 1] | locks [[7], [5], [6], [4], [3], [2], [1], [0]]
0233112020103331301133223113101120021202 | target [1, 3, 2, 0, 3, 1, 0, 2] | released [0, 1, 0, 1, 0, 1, 0, 1] | locks [[7], [5], [3], [6], [4], [2], [1], [0]]
0121211331212020012200003022231100120022 | target [3, 3, 0, 0, 1, 1, 2, 2] | held [3, 1, 0, 1, 0, 1, 0, 1] | locks [[7], [5], [6], [4], [3], [2], [1]]
2232301320010210302201111222023020033333 | target [0, 0, 1, 1, 2, 2, 3, 3] | released [3, 3, 3, 3, 3, 3, 3, 3] | locks [[0], [1], [2], [3], [4], [5], [6], [7]]
3133100132201010133311111323221120310031 | target [0, 2, 1, 3, 2, 0, 3, 1] | released [3, 3, 3, 2, 1, 2, 1, 2] | locks [[6], [5], [7], [3], [4], [2], [1], [0]]
3021032012030220320200031101113002200332 | target [0, 3, 1, 0, 2, 1, 3, 2] | released [3, 3, 3, 1, 3, 1, 2, 1] | locks [[7], [6], [3], [5], [1], [2], [4], [0]]
0332123221120122231231210031010002120313 | target [2, 0, 3, 1, 0, 2, 1, 3] | released [3, 3, 3, 1, 3, 1, 2, 1] | locks [[7], [6], [3], [1], [2], [0], [5], [4]]
0001013021333033221221023132313021201120 | target [3, 1, 0, 2, 1, 3, 2, 0] | released [1, 0, 1, 0, 1, 0, 1, 2] | locks [[6], [4], [2], [7], [0], [1], [3], [5]]
2221120020221330320201303021213010101001 | target [1, 2, 2, 3, 3, 0, 0, 1] | released [0, 1, 0, 1, 0, 1, 0, 1] | locks [[7], [5], [3], [6], [2], [4], [1], [0]]
0122313312303313023201122130130020312220 | target [3, 1, 0, 2, 1, 3, 2, 0] | released [1, 0, 1, 0, 1, 0, 1, 2] | locks [[6], [4], [2], [5], [7], [3], [1], [0]]
2300321000323202000023010112321022333221 | target [3, 2, 0, 3, 1, 0, 2, 1] | held [3, 2, 4, 2, 4, 2, 1, 2] | locks [[6], [5], [7], [4], [2], [3]]
2230003320130122223100123102010231312330 | target [0, 1, 1, 2, 2, 3, 3, 0] | released [1, 0, 1, 0, 1, 0, 1, 2] | locks [[6], [4], [7], [2], [5], [3], [1], [0]]
0111133110202310100031022110222302322003 | target [1, 0, 2, 1, 3, 2, 0, 3] | released [3, 3, 1, 3, 3, 1, 2, 1] | locks [[7], [6], [5], [1], [3], [4], [2], [0]]
0123012200113022111321232332002333132112 | target [2, 3, 3, 0, 0, 1, 1, 2] | released [3, 3, 3, 1, 0, 1, 0, 1] | locks [[7], [5], [3], [6], [4], [1], [0], [2]]
3022012030201031202032331130002032130120 | target [3, 1, 0, 2, 1, 3, 2, 0] | released [3, 3, 3, 3, 1, 2, 1, 2] | locks [[6], [5], [7], [4], [0], [2], [3], [1]]
3311232322023020002302310313222133333003 | target [1, 0, 2, 1, 3, 2, 0, 3] | released [1, 3, 3, 1, 1, 3, 3, 1] | locks [[7], [2], [6], [5], [3], [1], [4], [0]]
2321302100300032233033210202000300312200 | target [1, 1, 2, 2, 3, 3, 0, 0] | released [3, 3, 3, 3, 3, 1, 2, 1] | locks [[7], [6], [5], [2], [3], [1], [4], [0]]
2303030210030133221323031011220123200032 | target [0, 3, 1, 0, 2, 1, 3, 2] | released [3, 3, 1, 3, 3, 1, 2, 1] | locks [[7], [6], [1], [4], [0], [2], [3], [5]]
0103222303022210321312020120231013330320 | target [3, 1, 0, 2, 1, 3, 2, 0] | released [3, 3, 3, 3, 1, 2, 1, 3] | locks [[6], [5], [0], [3], [2], [4], [1], [7]]
3033303003020331010330213033000033101332 | target [0, 3, 1, 0, 2, 1, 3, 2] | released [3, 3, 3, 1, 0, 1, 0, 1] | locks [[7], [5], [6], [4], [3], [1], [0], [2]]
1002213231202120203233103132203320320331 | target [0, 2, 1, 3, 2, 0, 3, 1] | released [3, 3, 1, 3, 3, 1, 1, 1] | locks [[7], [5], [1], [4], [0], [2], [3], [6]]
1303301210222302310212010203222133022131 | target [0, 2, 1, 3, 2, 0, 3, 1] | released [3, 3, 3, 1, 3, 2, 1, 2] | locks [[6], [5], [7], [2], [1], [3], [0], [4]]
3300211100023102103322332031011003103113 | target [2, 0, 3, 1, 0, 2, 1, 3] | released [3, 3, 3, 3, 1, 1, 2, 1] | locks [[7], [6], [2], [3], [4], [1], [0], [5]]
2333133322212210110320030231220101002312 | target [2, 3, 3, 0, 0, 1, 1, 2] | released [3, 3, 1, 3, 3, 1, 2, 1] | locks [[7], [6], [1], [4], [0], [2], [3], [5]]
0232312120312121000221001323230020003021 | target [3, 2, 0, 3, 1, 0, 2, 1] | held [3, 2, 4, 2, 4, 2, 1, 2] | locks [[6], [5], [7], [4], [2], [1], [3]]
3321321110032033012103033002223103032111 | target [2, 2, 3, 3, 0, 0, 1, 1] | released [3, 3, 3, 3, 1, 2, 1, 2] | locks [[6], [5], [7], [2], [0], [4], [1], [3]]
1030303323122231321212212001131211323122 | target [3, 3, 0, 0, 1, 1, 2, 2] | released [0, 1, 0, 1, 0, 1, 0, 1] | locks [[7], [5], [3], [6], [1], [4], [2], [0]]
2111002202001302011313323113131100321201 | target [1, 2, 2, 3, 3, 0, 0, 1] | released [0, 1, 0, 1, 0, 1, 0, 1] | locks [[7], [5], [3], [1], [2], [4], [0], [6]]
2103220010113301023322030231232000012121 | target [3, 2, 0, 3, 1, 0, 2, 1] | released [2, 1, 2, 0, 4, 2, 1, 2] | locks [[6], [5], [4], [7], [3], [1], [2], [0]]
2102203220031033032311230133223330120133 | target [0, 0, 1, 1, 2, 2, 3, 3] | released [1, 3, 3, 1, 3, 1, 2, 1] | locks [[7], [6], [3], [5], [2], [1], [4], [0]]
1230220011000113012100113221213023313121 | target [3, 2, 0, 3, 1, 0, 2, 1] | released [3, 2, 1, 3, 4, 2, 1, 2] | locks [[6], [5], [4], [2], [1], [7], [3], [0]]
0311313000103331111103120303113212122033 | target [0, 0, 1, 1, 2, 2, 3, 3] | released [1, 3, 1, 3, 3, 1, 2, 1] | locks [[7], [6], [5], [1], [4], [3], [0], [2]]
1302312322301030030212333303110032200330 | target [0, 1, 1, 2, 2, 3, 3, 0] | released [3, 3, 1, 3, 3, 1, 3, 1] | locks [[7], [5], [4], [3], [0], [2], [1], [6]]
2233233110230200332033131123030202210323 | target [3, 0, 0, 1, 1, 2, 2, 3] | released [3, 1, 3, 3, 1, 0, 1, 2] | locks [[6], [4], [5], [7], [0], [3], [2], [1]]
0001303100220311102331003130010121020021 | target [3, 2, 0, 3, 1, 0, 2, 1] | released [1, 0, 1, 0, 1, 0, 1, 2] | locks [[6], [4], [5], [3], [2], [7], [1], [0]]
1311323131133222333120113330300131333213 | target [2, 0, 3, 1, 0, 2, 1, 3] | released [1, 3, 3, 3, 1, 1, 2, 1] | locks [[7], [6], [0], [2], [3], [5], [1], [4]]
1221111300320020200302132003331202011301 | target [1, 2, 2, 3, 3, 0, 0, 1] | released [0, 1, 0, 1, 0, 1, 0, 1] | locks [[7], [5], [3], [1], [2], [0], [4], [6]]
1300131003001330322230302010013322100303 | target [1, 0, 2, 1, 3, 2, 0, 3] | released [3, 1, 3, 3, 1, 1, 3, 1] | locks [[7], [5], [2], [0], [6], [3], [4], [1]]
3300002313133321122221331223330223313001 | target [1, 2, 2, 3, 3, 0, 0, 1] | released [0, 1, 0, 1, 2, 1, 2, 1] | locks [[7], [5], [3], [1], [2], [6], [0], [4]]
3301210322232013023310312203211322321231 | target [0, 2, 1, 3, 2, 0, 3, 1] | released [0, 1, 0, 1, 0, 1, 0, 1] | locks [[7], [5], [3], [6], [1], [4], [2], [0]]
2021010001303310332133031300320132130300 | target [1, 1, 2, 2, 3, 3, 0, 0] | released [3, 3, 3, 1, 2, 1, 2, 1] | locks [[7], [6], [3], [5], [4], [2], [1], [0]]
0200133331020012313210312020030232120010 | target [2, 1, 3, 2, 0, 3, 1, 0] | held [2, 4, 2, 1, 0, 4, 2, 1] | locks [[7], [6], [3], [5], [2], [1], [4]]
2223211322113212023322013123301030031123 | target [3, 0, 0, 1, 1, 2, 2, 3] | released [2, 3, 3, 1, 3, 3, 1, 1] | locks [[6], [2], [5], [7], [1], [3], [4], [0]]
1333201232203201230310233120203000213310 | target [2, 1, 3, 2, 0, 3, 1, 0] | released [1, 0, 1, 2, 1, 2, 1, 2] | locks [[6], [4], [7], [2], [0], [5], [1], [3]]
3301020310121223301321221123122302001322 | target [3, 3, 0, 0, 1, 1, 2, 2] | released [3, 3, 3, 1, 0, 1, 0, 1] | locks [[7], [5], [6], [4], [3], [1], [2], [0]]
1010113323322113313100103131100300102021 | target [3, 2, 0, 3, 1, 0, 2, 1] | released [2, 1, 4, 2, 4, 2, 1, 2] | locks [[6], [5], [7], [1], [4], [0], [3], [2]]
0310303111133201121122121110222322302111 | target [2, 2, 3, 3, 0, 0, 1, 1] | released [3, 3, 3, 2, 1, 2, 1, 2] | locks [[6], [5], [7], [3], [4], [0], [2], [1]]
2210120231222220320013133302221112113320 | target [3, 1, 0, 2, 1, 3, 2, 0] | released [3, 3, 3, 3, 1, 2, 1, 2] | locks [[6], [5], [7], [4], [0], [3], [2], [1]]
2210102203133032113111201323312023131012 | target [2, 3, 3, 0, 0, 1, 1, 2] | released [1, 2, 1, 2, 0, 1, 0, 1] | locks [[7], [5], [4], [6], [0], [2], [1], [3]]
0133330212110233000033000201222003023203 | target [1, 0, 2, 1, 3, 2, 0, 3] | released [1, 3, 3, 3, 1, 3, 3, 1] | locks [[7], [2], [6], [5], [4], [3], [1], [0]]
1321131010212000203000202312220302312113 | target [2, 0, 3, 1, 0, 2, 1, 3] | released [3, 3, 3, 3, 1, 2, 1, 2] | locks [[6], [5], [7], [4], [2], [1], [0], [3]]
1330320233130330132313001101301330003200 | target [1, 1, 2, 2, 3, 3, 0, 0] | released [3, 3, 3, 3, 1, 3, 3, 1] | locks [[7], [3], [2], [6], [4], [5], [0], [1]]
3310332323113001033101203112010003332020 | target [3, 1, 0, 2, 1, 3, 2, 0] | released [1, 0, 1, 0, 1, 0, 1, 2] | locks [[6], [4], [2], [5], [7], [3], [1], [0]]
1030131232222031032022110303111332202323 | target [3, 0, 0, 1, 1, 2, 2, 3] | released [3, 1, 3, 3, 1, 2, 1, 2] | locks [[6], [5], [7], [4], [3], [2], [1], [0]]
1130230303030002010100320302313103332110 | target [2, 1, 3, 2, 0, 3, 1, 0] | released [1, 0, 1, 0, 1, 0, 1, 2] | locks [[6], [4], [7], [2], [5], [1], [3], [0]]
2031101211221223233333023130123300210110 | target [2, 1, 3, 2, 0, 3, 1, 0] | released [1, 0, 1, 0, 1, 0, 1, 2] | locks [[6], [4], [7], [2], [5], [1], [3], [0]]
2113030322302220130012333313213030131223 | target [3, 0, 0, 1, 1, 2, 2, 3] | released [1, 3, 3, 3, 1, 1, 3, 1] | locks [[7], [5], [2], [6], [0], [3], [4], [1]]
0302310332121323011300202221321201120211 | target [2, 2, 3, 3, 0, 0, 1, 1] | released [0, 1, 0, 1, 0, 1, 0, 1] | locks [[7], [5], [3], [6], [2], [1], [4], [0]]
3222132020030111232003330021323302121212 | target [2, 3, 3, 0, 0, 1, 1, 2] | released [0, 1, 0, 1, 0, 1, 0, 1] | locks [[7], [5], [4], [6], [3], [2], [0], [1]]
1013013231312200110222110203123011302301 | target [1, 2, 2, 3, 3, 0, 0, 1] | held [3, 3, 4, 2, 4, 2, 1, 2] | locks [[6], [5], [4], [3], [7], [2]]
1321120031111300230022331210232011110203 | target [1, 0, 2, 1, 3, 2, 0, 3] | released [0, 1, 0, 1, 2, 1, 2, 1] | locks [[7], [6], [5], [4], [3], [1], [2], [0]]
2300012033001111223303301312122321213212 | target [2, 3, 3, 0, 0, 1, 1, 2] | released [4, 2, 1, 2, 2, 4, 2, 1] | locks [[7], [6], [2], [5], [1], [4], [0], [3]]
0031013112222101030110112303223313332011 | target [2, 2, 3, 3, 0, 0, 1, 1] | released [3, 3, 3, 2, 1, 2, 1, 2] | locks [[6], [5], [7], [3], [4], [2], [1], [0]]
0311323310020111003000201030103133033203 | target [1, 0, 2, 1, 3, 2, 0, 3] | released [3, 1, 3, 3, 1, 3, 3, 1] | locks [[7], [2], [6], [5], [4], [3], [0], [1]]
3303122212230120320010023003133213103113 | target [2, 0, 3, 1, 0, 2, 1, 3] | released [3, 1, 3, 3, 3, 1, 2, 1] | locks [[7], [6], [5], [3], [2], [0], [1], [4]]
3131231210100022103002220121323301220113 | target [2, 0, 3, 1, 0, 2, 1, 3] | released [3, 1, 3, 3, 1, 3, 2, 1] | locks [[7], [6], [2], [0], [1], [3], [4], [5]]
1301122030021111033211011300032232033303 | target [1, 0, 2, 1, 3, 2, 0, 3] | released [3, 3, 3, 3, 3, 3, 3, 3] | locks [[6], [7], [5], [4], [3], [2], [1], [0]]
0202220330100121221121213022230030020011 | target [2, 2, 3, 3, 0, 0, 1, 1] | released [3, 1, 0, 1, 0, 1, 0, 1] | locks [[7], [5], [4], [6], [3], [2], [1], [0]]
3321133210003312010312331303113100133211 | target [2, 2, 3, 3, 0, 0, 1, 1] | released [1, 3, 3, 3, 3, 1, 2, 1] | locks [[7], [6], [5], [0], [2], [3], [1], [4]]
1223223210230002303003113020022121113010 | target [2, 1, 3, 2, 0, 3, 1, 0] | held [4, 2, 1, 2, 2, 4, 2, 1] | locks [[7], [6], [5], [1], [2], [4]]
0332003213111012030101130101302303101131 | target [0, 2, 1, 3, 2, 0, 3, 1] | released [3, 1, 0, 1, 0, 1, 0, 1] | locks [[7], [5], [3], [6], [1], [2], [4], [0]]
2232111032031302221200101333202101303201 | target [1, 2, 2, 3, 3, 0, 0, 1] | released [0, 1, 0, 1, 0, 1, 0, 1] | locks [[7], [5], [3], [1], [2], [0], [4], [6]]
3001013131210100212120032221123100010131 | target [0, 2, 1, 3, 2, 0, 3, 1] | released [3, 3, 1, 2, 1, 2, 1, 2] | locks [[6], [5], [7], [2], [3], [4], [0], [1]]
2003323221123313222121310020101313103210 | target [2, 1, 3, 2, 0, 3, 1, 0] | released [0, 1, 0, 1, 0, 1, 0, 1] | locks [[7], [5], [3], [6], [4], [2], [1], [0]]
0001321221010223333233221001211323110202 | target [1, 3, 2, 0, 3, 1, 0, 2] | released [0, 1, 0, 1, 0, 1, 0, 1] | locks [[7], [5], [3], [6], [4], [2], [1], [0]]
2121011031012221323231300200032311232112 | target [2, 3, 3, 0, 0, 1, 1, 2] | released [3, 3, 3, 1, 3, 1, 2, 1] | locks [[7], [6], [5], [3], [1], [0], [4], [2]]
2300131010320110303010330022303212203001 | target [1, 2, 2, 3, 3, 0, 0, 1] | released [0, 1, 0, 1, 0, 1, 0, 1] | locks [[7], [5], [3], [1], [2], [4], [0], [6]]
3232021311300320010012031210321231222110 | target [2, 1, 3, 2, 0, 3, 1, 0] | released [1, 0, 1, 2, 1, 2, 1, 2] | locks [[6], [4], [7], [2], [0], [5], [1], [3]]
0022022322031223223020223223312231321102 | target [1, 3, 2, 0, 3, 1, 0, 2] | released [0, 1, 0, 1, 0, 1, 2, 1] | locks [[7], [6], [5], [3], [1], [2], [4], [0]]
3312301232211101312102223222213111303020 | target [3, 1, 0, 2, 1, 3, 2, 0] | released [1, 0, 1, 0, 1, 0, 1, 2] | locks [[6], [4], [2], [5], [7], [3], [1], [0]]
3102132200010210122212121001331020302203 | target [1, 0, 2, 1, 3, 2, 0, 3] | released [3, 1, 3, 3, 1, 3, 3, 1] | locks [[7], [2], [6], [5], [4], [3], [0], [1]]
1313021231202233200032131320003312220232 | target [0, 3, 1, 0, 2, 1, 3, 2] | released [0, 1, 0, 1, 0, 1, 2, 1] | locks [[7], [6], [5], [3], [1], [2], [0], [4]]
1122200311013331301012000022120011231103 | target [1, 0, 2, 1, 3, 2, 0, 3] | released [3, 1, 0, 1, 0, 1, 0, 1] | locks [[7], [5], [3], [6], [4], [2], [1], [0]]
2012002322003012221312021103023201212302 | target [1, 3, 2, 0, 3, 1, 0, 2] | released [3, 3, 3, 1, 0, 1, 0, 1] | locks [[7], [5], [3], [6], [4], [0], [1], [2]]
1101103102230201321312302231122012221301 | target [1, 2, 2, 3, 3, 0, 0, 1] | released [0, 1, 0, 1, 0, 1, 0, 1] | locks [[7], [5], [3], [1], [2], [4], [0], [6]]
3022310333123030101302121211110210332110 | target [2, 1, 3, 2, 0, 3, 1, 0] | released [1, 0, 1, 0, 1, 2, 1, 2] | locks [[6], [5], [4], [7], [2], [0], [1], [3]]
1131322032313021122220231222013000112233 | target [0, 0, 1, 1, 2, 2, 3, 3] | released [1, 3, 3, 1, 3, 1, 2, 1] | locks [[7], [6], [5], [2], [4], [0], [1], [3]]
2231003210012320111320021330220023220200 | target [1, 1, 2, 2, 3, 3, 0, 0] | released [3, 3, 3, 3, 3, 1, 2, 1] | locks [[7], [6], [5], [2], [3], [4], [1], [0]]
2331021310220320131100012321313023202103 | target [1, 0, 2, 1, 3, 2, 0, 3] | released [3, 1, 3, 3, 1, 3, 3, 1] | locks [[7], [5], [6], [2], [4], [3], [0], [1]]
2330012331133011011110000000232222133000 | target [1, 1, 2, 2, 3, 3, 0, 0] | released [3, 3, 3, 1, 3, 1, 3, 1] | locks [[7], [5], [2], [4], [6], [0], [1], [3]]
3133223111103301100310333321201202220203 | target [1, 0, 2, 1, 3, 2, 0, 3] | released [0, 1, 0, 1, 2, 1, 2, 1] | locks [[7], [6], [5], [4], [3], [1], [2], [0]]
0010123320221332012330233203312033202313 | target [2, 0, 3, 1, 0, 2, 1, 3] | released [3, 3, 3, 3, 3, 3, 3, 1] | locks [[7], [2], [6], [5], [4], [3], [1], [0]]
0033310232022211130302123030332333131312 | target [2, 3, 3, 0, 0, 1, 1, 2] | released [3, 3, 3, 1, 0, 1, 0, 1] | locks [[7], [5], [6], [4], [3], [1], [0], [2]]
2002010231313102120113203022103311003000 | target [1, 1, 2, 2, 3, 3, 0, 0] | released [3, 3, 3, 3, 2, 1, 2, 1] | locks [[7], [5], [4], [6], [2], [3], [1], [0]]
== executed-open on order2, seed 2026093022
1302030031323202202333203220220022330033 | target [0, 0, 1, 1, 2, 2, 3, 3] | released [3, 1, 0, 0, 0, 1, 2, 0] | locks [[7], [6], [4], [0], [1], [3], [2], [5]]
1001130302021212010003101311102203202330 | target [0, 1, 1, 2, 2, 3, 3, 0] | released [0, 0, 0, 0, 0, 1, 3, 3] | locks [[7], [3], [6], [5], [0], [1], [4], [2]]
1111232112221010211103013223310031232310 | target [2, 1, 3, 2, 0, 3, 1, 0] | released [0, 0, 1, 3, 3, 3, 3, 2] | locks [[7], [0], [1], [6], [5], [4], [3], [2]]
1111321011310010232333323000112023213130 | target [0, 1, 1, 2, 2, 3, 3, 0] | released [3, 3, 3, 1, 3, 3, 1, 3] | locks [[5], [6], [4], [7], [2], [3], [1], [0]]
0212030310121213233212222011320113302301 | target [1, 2, 2, 3, 3, 0, 0, 1] | released [3, 3, 3, 3, 0, 0, 0, 0] | locks [[3], [2], [1], [5], [0], [7], [4], [6]]
3133121331130331333113002210332031232021 | target [3, 2, 0, 3, 1, 0, 2, 1] | released [3, 3, 3, 3, 1, 0, 0, 3] | locks [[2], [7], [1], [0], [5], [3], [4], [6]]
2122133322002210323321001220130020211030 | target [0, 1, 1, 2, 2, 3, 3, 0] | released [0, 0, 0, 3, 3, 1, 3, 3] | locks [[7], [1], [2], [6], [4], [5], [0], [3]]
2132232113111221020202123302101020231132 | target [0, 3, 1, 0, 2, 1, 3, 2] | released [3, 3, 1, 3, 3, 1, 3, 3] | locks [[0], [4], [3], [5], [7], [1], [2], [6]]
3323303123230233301330023000113220333022 | target [3, 3, 0, 0, 1, 1, 2, 2] | released [3, 1, 3, 3, 3, 1, 0, 0] | locks [[3], [2], [0], [7], [6], [5], [4], [1]]
2013021132213113302202320313211301333023 | target [3, 0, 0, 1, 1, 2, 2, 3] | released [3, 3, 3, 1, 3, 3, 1, 3] | locks [[2], [3], [1], [5], [4], [6], [7], [0]]
2102322110111100330222123133320100331123 | target [3, 0, 0, 1, 1, 2, 2, 3] | released [3, 1, 3, 3, 3, 3, 1, 0] | locks [[0], [5], [6], [4], [3], [1], [7], [2]]
0121020300130121023323000000200021121032 | target [0, 3, 1, 0, 2, 1, 3, 2] | released [3, 3, 1, 3, 3, 1, 3, 3] | locks [[3], [4], [0], [5], [6], [7], [1], [2]]
2331112113312030331131121303022010330223 | target [3, 0, 0, 1, 1, 2, 2, 3] | released [3, 3, 3, 3, 1, 0, 0, 0] | locks [[1], [2], [6], [5], [0], [7], [3], [4]]
1121322122103322002300031030212223301302 | target [1, 3, 2, 0, 3, 1, 0, 2] | released [3, 1, 3, 3, 3, 3, 1, 0] | locks [[3], [4], [7], [6], [5], [2], [1], [0]]
0222321332022201301310013120231111102303 | target [1, 0, 2, 1, 3, 2, 0, 3] | released [3, 3, 3, 3, 1, 0, 0, 0] | locks [[1], [2], [0], [7], [6], [3], [4], [5]]
3132020203233010110213322031131231113013 | target [2, 0, 3, 1, 0, 2, 1, 3] | released [3, 3, 3, 1, 3, 3, 3, 1] | locks [[2], [1], [5], [3], [6], [7], [0], [4]]
1103220113022132122312121022110222030323 | target [3, 0, 0, 1, 1, 2, 2, 3] | released [3, 3, 3, 1, 0, 0, 1, 0] | locks [[2], [5], [7], [0], [4], [6], [1], [3]]
0223103301323032200033112133130012303013 | target [2, 0, 3, 1, 0, 2, 1, 3] | released [3, 3, 3, 1, 0, 0, 1, 0] | locks [[1], [0], [4], [5], [7], [6], [2], [3]]
0112332000030223131321133222332132033320 | target [3, 1, 0, 2, 1, 3, 2, 0] | released [3, 3, 3, 3, 1, 1, 3, 3] | locks [[2], [7], [6], [4], [3], [1], [5], [0]]
1023111120121222010300203201223103101313 | target [2, 0, 3, 1, 0, 2, 1, 3] | released [3, 3, 3, 3, 0, 1, 0, 0] | locks [[2], [1], [4], [0], [7], [6], [3], [5]]
1223110121012032000203313031020023231200 | target [1, 1, 2, 2, 3, 3, 0, 0] | released [0, 3, 3, 3, 3, 3, 1, 3] | locks [[0], [5], [4], [6], [7], [3], [2], [1]]
2102230103000223120023232301302113233023 | target [3, 0, 0, 1, 1, 2, 2, 3] | released [1, 3, 3, 3, 1, 3, 0, 3] | locks [[2], [7], [6], [1], [5], [4], [3], [0]]
2232200133111311311310322202131203101121 | target [3, 2, 0, 3, 1, 0, 2, 1] | released [3, 3, 3, 1, 3, 3, 1, 3] | locks [[2], [7], [5], [1], [6], [0], [4], [3]]
1102131313302211222011132321131021001330 | target [0, 1, 1, 2, 2, 3, 3, 0] | released [3, 3, 1, 3, 3, 1, 3, 3] | locks [[4], [3], [5], [7], [6], [1], [2], [0]]
3313003211310021120122032313122313103330 | target [0, 1, 1, 2, 2, 3, 3, 0] | released [3, 1, 3, 3, 1, 3, 3, 1] | locks [[3], [4], [2], [6], [7], [5], [0], [1]]
2210320110320213302232120332013022223212 | target [2, 3, 3, 0, 0, 1, 1, 2] | released [3, 3, 3, 1, 3, 3, 3, 1] | locks [[0], [1], [6], [7], [5], [3], [2], [4]]
1231321011102010021320211312233333323111 | target [2, 2, 3, 3, 0, 0, 1, 1] | released [3, 3, 3, 1, 1, 3, 3, 3] | locks [[7], [2], [1], [6], [3], [5], [0], [4]]
1220200210023103233211200312112022120012 | target [2, 3, 3, 0, 0, 1, 1, 2] | released [0, 0, 0, 0, 0, 1, 2, 0] | locks [[7], [6], [4], [3], [5], [2], [1], [0]]
1332211012120023023102312232221221203231 | target [0, 2, 1, 3, 2, 0, 3, 1] | released [3, 3, 3, 1, 1, 1, 3, 3] | locks [[2], [7], [1], [6], [3], [0], [4], [5]]
3223103232320012111331310021233213303121 | target [3, 2, 0, 3, 1, 0, 2, 1] | released [3, 3, 3, 1, 0, 3, 3, 3] | locks [[2], [7], [1], [0], [4], [6], [3], [5]]
0232221212010221233031102100321023220201 | target [1, 2, 2, 3, 3, 0, 0, 1] | released [3, 3, 3, 3, 1, 0, 0, 3] | locks [[2], [7], [1], [0], [5], [3], [4], [6]]
1233303211213121320220300112232331323223 | target [3, 0, 0, 1, 1, 2, 2, 3] | released [3, 3, 3, 3, 1, 0, 0, 0] | locks [[2], [1], [6], [7], [3], [4], [5], [0]]
1032011213010220303002212330230331013203 | target [1, 0, 2, 1, 3, 2, 0, 3] | released [3, 3, 3, 1, 3, 3, 1, 3] | locks [[1], [5], [6], [4], [7], [3], [2], [0]]
0330222011011123231312003033111222210200 | target [1, 1, 2, 2, 3, 3, 0, 0] | released [0, 0, 2, 3, 3, 3, 3, 1] | locks [[0], [6], [5], [7], [1], [4], [3], [2]]
2220000200333321221110220213233230030133 | target [0, 0, 1, 1, 2, 2, 3, 3] | released [3, 3, 3, 0, 1, 0, 2, 0] | locks [[3], [7], [6], [5], [0], [1], [4], [2]]
0233112020103331301133223113101120021202 | target [1, 3, 2, 0, 3, 1, 0, 2] | released [3, 3, 3, 3, 3, 1, 0, 0] | locks [[3], [4], [2], [5], [0], [1], [7], [6]]
0121211331212020012200003022231100120022 | target [3, 3, 0, 0, 1, 1, 2, 2] | released [3, 3, 3, 3, 3, 1, 2, 0] | locks [[7], [6], [2], [3], [1], [0], [4], [5]]
2232301320010210302201111222023020033333 | target [0, 0, 1, 1, 2, 2, 3, 3] | released [1, 3, 3, 0, 1, 0, 0, 0] | locks [[3], [5], [4], [6], [7], [1], [2], [0]]
3133100132201010133311111323221120310031 | target [0, 2, 1, 3, 2, 0, 3, 1] | released [3, 3, 3, 3, 1, 1, 0, 3] | locks [[3], [2], [7], [4], [0], [1], [6], [5]]
3021032012030220320200031101113002200332 | target [0, 3, 1, 0, 2, 1, 3, 2] | released [3, 1, 3, 3, 3, 1, 0, 0] | locks [[3], [0], [7], [2], [6], [5], [4], [1]]
0332123221120122231231210031010002120313 | target [2, 0, 3, 1, 0, 2, 1, 3] | released [3, 3, 3, 1, 1, 3, 3, 1] | locks [[1], [2], [0], [3], [6], [7], [5], [4]]
0001013021333033221221023132313021201120 | target [3, 1, 0, 2, 1, 3, 2, 0] | released [0, 0, 0, 0, 1, 2, 0, 0] | locks [[6], [5], [3], [7], [2], [0], [1], [4]]
2221120020221330320201303021213010101001 | target [1, 2, 2, 3, 3, 0, 0, 1] | released [0, 0, 0, 1, 0, 0, 0, 1] | locks [[6], [5], [7], [4], [2], [1], [0], [3]]
0122313312303313023201122130130020312220 | target [3, 1, 0, 2, 1, 3, 2, 0] | released [3, 3, 3, 3, 3, 1, 3, 3] | locks [[7], [3], [2], [5], [4], [6], [1], [0]]
2300321000323202000023010112321022333221 | target [3, 2, 0, 3, 1, 0, 2, 1] | released [3, 3, 3, 1, 0, 0, 0, 3] | locks [[2], [7], [3], [1], [0], [4], [5], [6]]
2230003320130122223100123102010231312330 | target [0, 1, 1, 2, 2, 3, 3, 0] | released [1, 3, 3, 3, 3, 1, 3, 3] | locks [[4], [3], [5], [7], [6], [2], [0], [1]]
0111133110202310100031022110222302322003 | target [1, 0, 2, 1, 3, 2, 0, 3] | released [3, 3, 3, 3, 0, 1, 0, 0] | locks [[7], [0], [6], [4], [5], [1], [2], [3]]
0123012200113022111321232332002333132112 | target [2, 3, 3, 0, 0, 1, 1, 2] | released [3, 3, 3, 1, 3, 3, 3, 1] | locks [[0], [1], [6], [7], [5], [4], [3], [2]]
3022012030201031202032331130002032130120 | target [3, 1, 0, 2, 1, 3, 2, 0] | released [0, 0, 3, 3, 3, 3, 1, 3] | locks [[0], [1], [5], [4], [3], [6], [7], [2]]
3311232322023020002302310313222133333003 | target [1, 0, 2, 1, 3, 2, 0, 3] | released [0, 0, 0, 0, 1, 3, 3, 0] | locks [[7], [0], [1], [2], [3], [6], [5], [4]]
2321302100300032233033210202000300312200 | target [1, 1, 2, 2, 3, 3, 0, 0] | released [3, 3, 3, 3, 1, 1, 3, 3] | locks [[2], [7], [3], [4], [6], [1], [5], [0]]
2303030210030133221323031011220123200032 | target [0, 3, 1, 0, 2, 1, 3, 2] | released [3, 3, 3, 3, 0, 0, 1, 0] | locks [[3], [0], [7], [2], [5], [6], [4], [1]]
0103222303022210321312020120231013330320 | target [3, 1, 0, 2, 1, 3, 2, 0] | released [3, 3, 3, 3, 1, 1, 3, 3] | locks [[3], [2], [7], [6], [4], [1], [5], [0]]
3033303003020331010330213033000033101332 | target [0, 3, 1, 0, 2, 1, 3, 2] | released [3, 1, 3, 3, 3, 1, 3, 3] | locks [[3], [4], [5], [7], [2], [0], [1], [6]]
1002213231202120203233103132203320320331 | target [0, 2, 1, 3, 2, 0, 3, 1] | released [3, 3, 3, 3, 0, 0, 0, 0] | locks [[3], [5], [2], [7], [0], [1], [4], [6]]
1303301210222302310212010203222133022131 | target [0, 2, 1, 3, 2, 0, 3, 1] | released [3, 3, 3, 3, 1, 0, 0, 0] | locks [[0], [2], [1], [5], [3], [6], [7], [4]]
3300211100023102103322332031011003103113 | target [2, 0, 3, 1, 0, 2, 1, 3] | released [3, 3, 3, 1, 3, 3, 3, 1] | locks [[1], [5], [0], [6], [7], [2], [3], [4]]
2333133322212210110320030231220101002312 | target [2, 3, 3, 0, 0, 1, 1, 2] | released [3, 3, 3, 3, 0, 0, 0, 0] | locks [[0], [1], [3], [2], [7], [6], [5], [4]]
0232312120312121000221001323230020003021 | target [3, 2, 0, 3, 1, 0, 2, 1] | released [3, 3, 3, 3, 1, 3, 0, 3] | locks [[2], [7], [3], [1], [6], [4], [0], [5]]
3321321110032033012103033002223103032111 | target [2, 2, 3, 3, 0, 0, 1, 1] | released [3, 3, 3, 3, 1, 0, 3, 3] | locks [[0], [2], [1], [7], [5], [6], [4], [3]]
1030303323122231321212212001131211323122 | target [3, 3, 0, 0, 1, 1, 2, 2] | released [3, 3, 3, 3, 3, 1, 0, 0] | locks [[0], [3], [2], [7], [4], [6], [1], [5]]
2111002202001302011313323113131100321201 | target [1, 2, 2, 3, 3, 0, 0, 1] | released [3, 3, 3, 3, 0, 0, 0, 0] | locks [[3], [2], [1], [0], [5], [6], [7], [4]]
2103220010113301023322030231232000012121 | target [3, 2, 0, 3, 1, 0, 2, 1] | released [0, 0, 0, 3, 3, 3, 3, 3] | locks [[1], [0], [6], [2], [7], [5], [4], [3]]
2102203220031033032311230133223330120133 | target [0, 0, 1, 1, 2, 2, 3, 3] | released [3, 1, 3, 3, 1, 3, 3, 1] | locks [[0], [5], [7], [6], [4], [3], [2], [1]]
1230220011000113012100113221213023313121 | target [3, 2, 0, 3, 1, 0, 2, 1] | released [3, 0, 3, 3, 3, 3, 3, 1] | locks [[1], [6], [5], [7], [4], [3], [2], [0]]
0311313000103331111103120303113212122033 | target [0, 0, 1, 1, 2, 2, 3, 3] | released [3, 3, 3, 3, 0, 1, 0, 0] | locks [[0], [1], [6], [7], [2], [4], [5], [3]]
1302312322301030030212333303110032200330 | target [0, 1, 1, 2, 2, 3, 3, 0] | released [1, 3, 3, 3, 1, 2, 0, 3] | locks [[6], [5], [7], [3], [4], [2], [1], [0]]
2233233110230200332033131123030202210323 | target [3, 0, 0, 1, 1, 2, 2, 3] | released [3, 1, 3, 3, 1, 3, 3, 3] | locks [[2], [7], [0], [1], [3], [4], [5], [6]]
0001303100220311102331003130010121020021 | target [3, 2, 0, 3, 1, 0, 2, 1] | released [3, 3, 3, 3, 1, 0, 0, 0] | locks [[2], [3], [1], [0], [5], [6], [7], [4]]
1311323131133222333120113330300131333213 | target [2, 0, 3, 1, 0, 2, 1, 3] | released [3, 3, 3, 3, 0, 0, 0, 0] | locks [[1], [4], [0], [6], [7], [2], [5], [3]]
1221111300320020200302132003331202011301 | target [1, 2, 2, 3, 3, 0, 0, 1] | released [3, 3, 3, 3, 3, 1, 3, 3] | locks [[3], [4], [5], [7], [2], [6], [1], [0]]
1300131003001330322230302010013322100303 | target [1, 0, 2, 1, 3, 2, 0, 3] | released [3, 1, 3, 3, 1, 3, 3, 1] | locks [[2], [5], [4], [3], [6], [7], [0], [1]]
3300002313133321122221331223330223313001 | target [1, 2, 2, 3, 3, 0, 0, 1] | released [0, 0, 3, 3, 3, 1, 3, 3] | locks [[3], [0], [7], [1], [6], [4], [5], [2]]
3301210322232013023310312203211322321231 | target [0, 2, 1, 3, 2, 0, 3, 1] | released [3, 3, 3, 3, 1, 0, 0, 2] | locks [[7], [3], [2], [6], [1], [5], [0], [4]]
2021010001303310332133031300320132130300 | target [1, 1, 2, 2, 3, 3, 0, 0] | released [0, 0, 0, 3, 3, 3, 3, 1] | locks [[0], [2], [6], [5], [7], [4], [1], [3]]
0200133331020012313210312020030232120010 | target [2, 1, 3, 2, 0, 3, 1, 0] | released [0, 0, 0, 0, 0, 1, 3, 0] | locks [[0], [7], [1], [3], [4], [6], [5], [2]]
2223211322113212023322013123301030031123 | target [3, 0, 0, 1, 1, 2, 2, 3] | released [3, 3, 3, 3, 3, 1, 0, 0] | locks [[0], [4], [2], [7], [6], [5], [3], [1]]
1333201232203201230310233120203000213310 | target [2, 1, 3, 2, 0, 3, 1, 0] | released [3, 3, 3, 3, 1, 1, 3, 3] | locks [[2], [6], [7], [4], [3], [1], [0], [5]]
3301020310121223301321221123122302001322 | target [3, 3, 0, 0, 1, 1, 2, 2] | released [3, 3, 3, 3, 3, 1, 0, 0] | locks [[3], [0], [2], [7], [4], [5], [6], [1]]
1010113323322113313100103131100300102021 | target [3, 2, 0, 3, 1, 0, 2, 1] | released [3, 3, 3, 3, 1, 3, 0, 3] | locks [[2], [7], [1], [0], [3], [4], [5], [6]]
0310303111133201121122121110222322302111 | target [2, 2, 3, 3, 0, 0, 1, 1] | released [3, 3, 3, 1, 3, 0, 3, 3] | locks [[0], [7], [1], [2], [5], [6], [3], [4]]
2210120231222220320013133302221112113320 | target [3, 1, 0, 2, 1, 3, 2, 0] | released [3, 3, 3, 3, 1, 1, 3, 3] | locks [[2], [7], [3], [4], [1], [0], [5], [6]]
2210102203133032113111201323312023131012 | target [2, 3, 3, 0, 0, 1, 1, 2] | released [3, 3, 3, 3, 3, 3, 1, 3] | locks [[3], [5], [4], [6], [7], [2], [0], [1]]
0133330212110233000033000201222003023203 | target [1, 0, 2, 1, 3, 2, 0, 3] | released [3, 3, 3, 3, 1, 1, 0, 0] | locks [[1], [2], [6], [7], [0], [5], [3], [4]]
1321131010212000203000202312220302312113 | target [2, 0, 3, 1, 0, 2, 1, 3] | released [3, 3, 3, 1, 3, 3, 3, 1] | locks [[0], [1], [6], [7], [5], [3], [4], [2]]
1330320233130330132313001101301330003200 | target [1, 1, 2, 2, 3, 3, 0, 0] | released [1, 3, 3, 3, 3, 1, 0, 0] | locks [[2], [1], [3], [6], [7], [5], [4], [0]]
3310332323113001033101203112010003332020 | target [3, 1, 0, 2, 1, 3, 2, 0] | released [3, 3, 3, 3, 1, 1, 3, 3] | locks [[3], [2], [7], [4], [6], [1], [0], [5]]
1030131232222031032022110303111332202323 | target [3, 0, 0, 1, 1, 2, 2, 3] | released [3, 3, 3, 3, 0, 0, 0, 0] | locks [[0], [2], [5], [7], [1], [6], [4], [3]]
1130230303030002010100320302313103332110 | target [2, 1, 3, 2, 0, 3, 1, 0] | released [0, 0, 3, 3, 3, 3, 1, 2] | locks [[7], [0], [1], [5], [4], [3], [2], [6]]
2031101211221223233333023130123300210110 | target [2, 1, 3, 2, 0, 3, 1, 0] | released [0, 0, 3, 3, 3, 3, 3, 1] | locks [[0], [1], [6], [5], [7], [4], [3], [2]]
2113030322302220130012333313213030131223 | target [3, 0, 0, 1, 1, 2, 2, 3] | released [1, 3, 3, 3, 1, 3, 0, 3] | locks [[2], [7], [1], [4], [3], [6], [5], [0]]
0302310332121323011300202221321201120211 | target [2, 2, 3, 3, 0, 0, 1, 1] | released [3, 3, 3, 3, 1, 3, 3, 1] | locks [[2], [1], [0], [6], [4], [3], [5], [7]]
3222132020030111232003330021323302121212 | target [2, 3, 3, 0, 0, 1, 1, 2] | released [3, 3, 3, 1, 3, 3, 3, 1] | locks [[1], [0], [6], [2], [7], [5], [3], [4]]
1013013231312200110222110203123011302301 | target [1, 2, 2, 3, 3, 0, 0, 1] | released [3, 3, 3, 3, 0, 0, 0, 0] | locks [[3], [2], [1], [5], [0], [7], [4], [6]]
1321120031111300230022331210232011110203 | target [1, 0, 2, 1, 3, 2, 0, 3] | released [3, 3, 3, 3, 1, 3, 0, 0] | locks [[1], [5], [2], [0], [4], [3], [7], [6]]
2300012033001111223303301312122321213212 | target [2, 3, 3, 0, 0, 1, 1, 2] | released [3, 3, 3, 3, 3, 3, 1, 0] | locks [[1], [0], [5], [6], [4], [3], [7], [2]]
0031013112222101030110112303223313332011 | target [2, 2, 3, 3, 0, 0, 1, 1] | released [3, 3, 3, 3, 0, 0, 0, 0] | locks [[0], [1], [2], [5], [3], [4], [6], [7]]
0311323310020111003000201030103133033203 | target [1, 0, 2, 1, 3, 2, 0, 3] | released [3, 3, 3, 3, 1, 0, 0, 0] | locks [[1], [2], [6], [7], [3], [4], [5], [0]]
3303122212230120320010023003133213103113 | target [2, 0, 3, 1, 0, 2, 1, 3] | released [3, 3, 3, 3, 0, 3, 0, 0] | locks [[2], [1], [5], [0], [4], [7], [6], [3]]
3131231210100022103002220121323301220113 | target [2, 0, 3, 1, 0, 2, 1, 3] | released [3, 3, 3, 0, 0, 0, 0, 0] | locks [[0], [1], [2], [4], [6], [7], [5], [3]]
1301122030021111033211011300032232033303 | target [1, 0, 2, 1, 3, 2, 0, 3] | released [1, 3, 3, 3, 1, 0, 0, 1] | locks [[5], [6], [7], [1], [3], [4], [2], [0]]
0202220330100121221121213022230030020011 | target [2, 2, 3, 3, 0, 0, 1, 1] | released [3, 3, 3, 3, 0, 0, 1, 0] | locks [[7], [5], [4], [6], [0], [1], [2], [3]]
3321133210003312010312331303113100133211 | target [2, 2, 3, 3, 0, 0, 1, 1] | released [3, 3, 3, 3, 1, 0, 3, 3] | locks [[2], [1], [0], [6], [5], [3], [4], [7]]
1223223210230002303003113020022121113010 | target [2, 1, 3, 2, 0, 3, 1, 0] | released [0, 0, 0, 0, 0, 0, 3, 3] | locks [[0], [1], [3], [4], [5], [2], [7], [6]]
0332003213111012030101130101302303101131 | target [0, 2, 1, 3, 2, 0, 3, 1] | released [3, 3, 3, 1, 3, 3, 1, 3] | locks [[2], [7], [5], [6], [4], [1], [0], [3]]
2232111032031302221200101333202101303201 | target [1, 2, 2, 3, 3, 0, 0, 1] | released [3, 3, 3, 3, 1, 3, 0, 3] | locks [[2], [1], [3], [4], [7], [5], [6], [0]]
3001013131210100212120032221123100010131 | target [0, 2, 1, 3, 2, 0, 3, 1] | released [3, 3, 3, 3, 1, 0, 0, 0] | locks [[3], [2], [1], [0], [5], [7], [6], [4]]
2003323221123313222121310020101313103210 | target [2, 1, 3, 2, 0, 3, 1, 0] | released [3, 3, 3, 3, 1, 3, 3, 1] | locks [[2], [1], [3], [6], [4], [5], [7], [0]]
0001321221010223333233221001211323110202 | target [1, 3, 2, 0, 3, 1, 0, 2] | released [3, 3, 3, 3, 3, 1, 0, 0] | locks [[3], [2], [1], [7], [0], [4], [5], [6]]
2121011031012221323231300200032311232112 | target [2, 3, 3, 0, 0, 1, 1, 2] | released [3, 3, 3, 3, 3, 1, 0, 0] | locks [[0], [1], [4], [3], [7], [2], [6], [5]]
2300131010320110303010330022303212203001 | target [1, 2, 2, 3, 3, 0, 0, 1] | released [0, 0, 0, 0, 1, 3, 3, 3] | locks [[0], [1], [2], [7], [6], [5], [3], [4]]
3232021311300320010012031210321231222110 | target [2, 1, 3, 2, 0, 3, 1, 0] | released [0, 0, 0, 0, 0, 0, 0, 0] | locks [[0], [1], [2], [3], [5], [6], [7], [4]]
0022022322031223223020223223312231321102 | target [1, 3, 2, 0, 3, 1, 0, 2] | released [3, 3, 3, 3, 3, 1, 1, 0] | locks [[3], [2], [1], [0], [7], [4], [5], [6]]
3312301232211101312102223222213111303020 | target [3, 1, 0, 2, 1, 3, 2, 0] | released [3, 3, 3, 3, 1, 0, 0, 0] | locks [[2], [3], [1], [0], [7], [6], [4], [5]]
3102132200010210122212121001331020302203 | target [1, 0, 2, 1, 3, 2, 0, 3] | released [3, 3, 3, 3, 0, 1, 0, 0] | locks [[1], [0], [2], [7], [4], [6], [5], [3]]
1313021231202233200032131320003312220232 | target [0, 3, 1, 0, 2, 1, 3, 2] | released [3, 3, 3, 3, 1, 0, 0, 0] | locks [[0], [1], [3], [5], [7], [2], [6], [4]]
1122200311013331301012000022120011231103 | target [1, 0, 2, 1, 3, 2, 0, 3] | released [3, 3, 1, 3, 3, 3, 1, 3] | locks [[4], [1], [0], [2], [5], [6], [7], [3]]
2012002322003012221312021103023201212302 | target [1, 3, 2, 0, 3, 1, 0, 2] | released [3, 3, 3, 3, 3, 1, 0, 0] | locks [[3], [2], [1], [7], [0], [6], [5], [4]]
1101103102230201321312302231122012221301 | target [1, 2, 2, 3, 3, 0, 0, 1] | released [3, 3, 3, 3, 1, 1, 3, 3] | locks [[3], [1], [2], [4], [7], [0], [5], [6]]
3022310333123030101302121211110210332110 | target [2, 1, 3, 2, 0, 3, 1, 0] | released [3, 3, 3, 3, 3, 1, 3, 0] | locks [[4], [3], [2], [1], [0], [7], [5], [6]]
1131322032313021122220231222013000112233 | target [0, 0, 1, 1, 2, 2, 3, 3] | released [1, 3, 3, 3, 1, 1, 3, 3] | locks [[2], [7], [4], [3], [5], [1], [6], [0]]
2231003210012320111320021330220023220200 | target [1, 1, 2, 2, 3, 3, 0, 0] | released [0, 1, 0, 0, 0, 1, 0, 0] | locks [[7], [0], [1], [6], [4], [3], [5], [2]]
2331021310220320131100012321313023202103 | target [1, 0, 2, 1, 3, 2, 0, 3] | released [3, 3, 3, 1, 3, 3, 1, 3] | locks [[1], [0], [5], [6], [4], [3], [2], [7]]
2330012331133011011110000000232222133000 | target [1, 1, 2, 2, 3, 3, 0, 0] | released [0, 0, 0, 0, 1, 3, 3, 0] | locks [[7], [0], [2], [3], [6], [5], [4], [1]]
3133223111103301100310333321201202220203 | target [1, 0, 2, 1, 3, 2, 0, 3] | released [3, 3, 3, 0, 0, 1, 0, 0] | locks [[1], [2], [6], [7], [0], [4], [3], [5]]
0010123320221332012330233203312033202313 | target [2, 0, 3, 1, 0, 2, 1, 3] | released [3, 3, 3, 3, 0, 0, 0, 0] | locks [[1], [0], [4], [5], [7], [2], [6], [3]]
0033310232022211130302123030332333131312 | target [2, 3, 3, 0, 0, 1, 1, 2] | released [3, 3, 1, 3, 3, 3, 3, 1] | locks [[0], [6], [7], [5], [4], [1], [2], [3]]
2002010231313102120113203022103311003000 | target [1, 1, 2, 2, 3, 3, 0, 0] | released [1, 3, 3, 3, 3, 1, 3, 0] | locks [[4], [2], [5], [3], [6], [1], [7], [0]]
